234 117
233 133
232 148
232 164
234 180
241 194
251 207
263 216
279 221
296 220
311 214
323 205
333 194
340 180
345 166
349 151
352 137
248 105
255 97
267 95
278 97
289 102
306 105
318 103
330 105
341 111
345 121
296 116
295 125
294 135
292 144
276 150
283 153
290 156
297 155
304 154
258 116
265 113
272 114
278 119
271 119
264 119
311 124
319 122
326 123
332 128
325 128
318 127
259 170
269 166
280 164
287 167
295 166
304 170
312 178
302 186
292 188
284 188
276 186
266 181
262 171
279 170
286 171
294 172
308 177
293 180
285 180
278 178
260 65
271 62
288 65
308 68
335 72
346 81
355 112
246 84
255 70
235 112
354 132
350 91
328 72
