245 124
244 139
243 154
243 169
246 184
253 197
263 209
275 217
291 221
307 221
322 216
334 208
345 198
351 185
356 171
360 157
363 143
260 111
268 103
279 100
291 101
302 106
318 110
329 108
341 110
351 116
356 127
308 121
307 130
306 138
305 147
289 155
295 158
302 161
309 160
315 159
271 123
277 120
285 121
291 125
284 126
276 125
322 130
330 128
337 130
342 134
336 134
329 133
274 176
284 172
293 170
299 173
306 172
313 176
321 184
311 187
303 188
296 187
290 186
282 182
278 177
292 176
299 178
305 178
317 183
304 180
298 180
291 179
272 72
284 68
300 71
319 74
346 79
357 90
365 120
258 92
268 78
248 122
363 141
361 99
339 79
