245 113
243 128
242 143
242 158
245 172
252 185
262 195
275 203
290 207
306 207
320 203
332 195
341 185
347 172
351 159
355 145
357 131
257 102
265 94
276 91
288 92
298 97
315 101
326 99
338 101
348 107
353 117
305 111
304 119
303 128
302 137
287 143
293 146
300 148
306 148
313 147
267 111
274 109
281 109
288 114
280 114
273 113
319 119
327 116
334 118
340 123
333 123
326 121
270 161
281 158
291 157
297 159
304 159
312 162
321 169
310 173
301 173
294 173
287 171
279 167
274 162
290 162
297 164
303 164
317 168
303 167
296 167
289 165
269 63
280 60
296 63
316 66
342 70
353 80
361 109
255 81
264 69
245 109
360 128
357 89
335 71
