246 113
244 128
243 142
243 157
246 171
254 183
264 193
276 201
292 205
307 205
322 201
334 193
344 183
350 170
355 157
358 144
360 130
260 100
267 93
278 90
290 91
300 96
316 100
327 98
339 100
349 106
353 116
307 110
306 118
305 126
304 135
289 142
295 145
301 147
308 147
315 146
270 110
276 107
284 108
290 113
283 113
275 113
320 118
328 116
335 117
341 122
334 122
327 121
272 160
283 157
293 156
299 158
306 157
314 161
322 167
312 171
303 172
296 171
290 170
281 166
276 160
292 161
299 162
305 163
319 167
304 166
298 165
291 164
270 62
281 59
298 62
317 65
343 70
354 80
362 109
257 81
266 68
247 108
361 128
358 89
336 70
