229 114
228 130
227 145
228 160
230 175
237 189
247 200
259 209
274 214
291 214
305 208
317 199
327 188
334 175
338 161
342 146
344 131
241 103
249 96
260 93
271 95
282 100
299 103
311 101
323 103
333 108
338 119
289 113
288 123
287 132
286 142
271 147
277 150
283 153
291 152
297 151
251 114
258 111
265 112
272 117
264 117
257 116
304 121
312 119
320 120
325 125
319 125
311 124
254 166
264 162
274 161
281 163
289 163
297 167
306 173
296 180
286 182
279 182
271 180
262 175
258 167
273 166
281 168
288 168
302 173
287 174
280 174
272 173
253 63
264 60
280 64
300 67
327 70
338 79
347 108
239 81
248 69
229 109
347 128
342 89
320 71
