243 111
242 126
242 140
242 155
244 169
251 181
262 191
274 199
289 203
304 203
318 198
330 190
340 180
346 168
350 155
354 142
356 128
255 100
263 92
274 89
285 90
296 95
313 99
324 97
336 99
346 104
350 115
303 109
302 118
301 126
300 135
286 142
291 144
298 147
304 146
311 145
266 109
272 106
280 107
286 112
279 112
271 112
317 117
325 114
332 115
338 120
331 121
324 119
270 159
280 156
290 155
296 157
302 157
310 160
318 166
308 171
300 172
293 171
286 170
278 166
273 160
289 160
295 162
302 162
315 166
301 165
294 165
288 163
267 61
277 58
294 61
313 64
340 68
351 77
359 106
253 79
262 67
244 106
358 124
355 87
333 69
