244 119
242 135
242 151
242 167
245 183
252 197
263 210
275 220
290 224
307 224
321 218
334 208
344 196
351 182
356 168
360 153
362 137
257 107
265 99
277 97
289 99
299 104
316 108
328 106
340 107
351 113
356 124
306 118
305 128
304 137
303 147
287 153
294 156
300 159
307 158
314 157
268 118
275 115
282 116
289 121
281 121
274 120
321 126
329 123
337 125
342 130
336 130
328 129
271 175
281 169
291 168
298 170
305 169
314 174
321 182
312 190
302 193
295 192
287 190
278 185
274 175
290 173
297 175
304 175
318 181
304 184
296 184
289 182
269 66
280 63
297 66
317 70
345 74
356 83
364 114
255 85
265 72
245 114
363 135
360 94
338 75
