272 124
270 139
268 153
267 168
270 182
276 195
286 206
297 215
312 219
328 221
342 216
354 209
364 199
372 187
377 174
381 161
384 147
287 114
295 107
306 105
317 107
327 112
343 116
354 115
365 117
375 123
379 133
333 126
332 135
330 144
329 153
313 158
319 161
325 164
332 163
339 163
296 124
303 122
310 123
316 128
309 128
302 127
346 134
354 132
361 134
366 139
360 139
353 137
297 174
307 172
316 171
323 174
329 174
336 178
344 184
334 188
325 188
319 187
312 185
304 181
300 175
315 177
322 178
328 179
340 183
327 181
321 181
314 179
300 75
311 73
327 78
346 81
372 86
382 96
387 125
285 93
295 81
274 119
385 144
385 106
365 87
