297 112
295 129
293 145
293 162
296 178
303 193
314 206
327 216
344 221
362 222
378 216
392 207
404 196
412 182
417 167
421 151
424 135
313 96
322 87
334 84
347 86
358 92
376 97
389 95
402 97
413 104
418 116
365 108
363 118
362 127
360 137
343 145
350 148
357 151
365 151
372 150
323 109
331 106
339 107
346 112
337 112
329 111
381 119
390 116
397 118
404 124
396 124
388 122
323 166
335 161
346 160
354 162
362 162
372 167
381 176
369 183
358 184
350 183
342 181
332 176
327 167
345 166
353 168
361 169
376 175
360 176
352 175
344 173
328 53
340 50
357 53
378 57
408 63
419 75
428 109
312 74
322 60
300 106
426 132
423 86
400 63
