267 127
265 142
263 157
263 172
267 187
274 200
284 211
295 220
310 225
326 225
340 220
352 212
362 202
369 189
374 176
378 162
381 148
283 115
291 108
302 106
313 107
324 113
341 117
352 115
363 117
373 123
377 133
330 127
329 137
328 146
326 155
310 161
317 164
323 167
330 166
337 165
292 127
299 124
306 125
313 130
305 130
298 129
344 136
352 133
359 135
364 140
358 140
350 138
294 179
304 176
314 175
320 177
327 177
334 181
341 188
332 193
323 194
317 193
310 191
301 187
298 180
313 180
320 182
326 183
338 187
325 186
318 186
312 184
295 76
307 73
323 77
342 81
368 85
378 95
385 125
280 94
290 81
269 121
382 144
382 105
362 86
