243 120
241 135
241 151
241 167
244 182
251 196
261 208
273 218
289 222
305 222
320 216
332 207
342 196
349 182
353 168
357 154
360 139
257 106
265 98
276 96
288 97
298 103
316 106
327 104
339 106
349 112
354 123
305 117
304 126
303 135
302 144
287 151
293 154
299 157
306 156
313 155
267 117
274 114
281 115
288 120
280 120
273 119
320 125
328 122
335 124
341 129
334 129
327 128
270 173
280 167
290 165
297 168
304 167
313 172
321 180
311 188
302 190
294 190
286 188
277 183
273 173
289 171
296 173
303 173
317 180
303 182
295 181
288 180
269 66
280 63
297 66
316 69
344 74
354 83
363 115
255 86
264 72
244 115
361 135
358 94
337 74
