284 114
281 131
280 147
279 164
281 181
288 196
298 209
310 220
327 225
344 226
360 220
374 211
385 200
393 186
399 171
404 156
408 140
299 102
307 93
319 91
332 93
343 99
362 103
375 101
387 104
398 111
403 123
350 114
348 124
346 134
344 144
328 151
334 154
341 157
349 157
356 156
309 113
317 110
325 111
331 117
323 117
315 116
365 124
374 121
382 123
388 129
381 129
373 127
308 172
319 167
330 166
338 169
346 168
355 173
363 182
352 189
342 191
334 190
325 188
316 182
312 172
329 172
337 174
344 174
359 181
343 182
336 182
328 180
314 58
326 55
344 59
365 63
395 69
406 80
413 113
298 78
309 65
285 109
411 135
409 91
387 69
