268 126
266 141
264 156
264 171
267 186
274 199
284 210
296 219
311 224
327 224
341 219
352 211
362 201
369 188
375 175
379 161
382 148
284 114
292 107
303 105
315 107
325 113
341 117
352 115
364 117
373 122
377 133
331 127
330 136
329 145
327 154
311 160
317 163
324 166
331 165
338 164
294 126
300 124
308 125
314 129
306 129
299 128
345 135
352 133
359 135
365 139
358 140
351 138
295 178
305 175
315 174
321 176
327 176
335 180
342 187
332 192
324 193
318 192
311 190
303 186
299 179
314 179
320 181
326 182
338 187
326 185
319 185
313 183
296 76
308 73
324 77
343 81
369 85
379 95
385 125
282 94
291 81
270 121
383 144
382 105
363 86
