294 111
292 128
291 144
290 161
293 178
300 193
310 205
324 215
341 220
359 220
375 215
389 206
399 195
407 180
412 165
416 150
420 134
308 96
317 87
329 84
342 85
353 91
372 96
385 94
398 96
410 103
414 116
361 107
359 116
358 126
356 135
340 143
346 146
353 149
361 149
368 148
319 107
326 104
335 105
342 111
333 111
325 110
377 117
386 115
394 117
400 122
392 122
384 120
320 166
332 160
343 159
351 162
358 161
368 166
377 176
365 182
355 184
347 183
338 181
329 175
324 166
342 165
350 167
357 168
373 175
356 175
348 175
340 173
322 53
335 49
353 52
374 56
404 63
416 74
425 108
306 74
317 59
294 106
423 131
420 85
396 62
