245 113
243 127
242 142
242 157
245 171
252 183
262 194
275 202
290 206
306 207
321 202
333 194
343 183
350 171
354 158
357 144
360 130
259 100
266 92
277 90
289 91
299 96
315 100
326 98
338 99
348 105
352 116
305 110
305 118
304 127
303 136
287 142
294 145
300 148
307 147
313 146
269 110
275 108
282 108
289 113
281 113
274 112
320 118
327 115
334 117
340 122
333 122
326 120
271 160
282 157
291 156
298 158
305 158
313 161
321 168
311 172
302 173
295 172
288 171
279 167
274 161
290 161
297 163
304 163
317 167
303 166
296 166
289 164
269 62
281 58
297 61
316 64
343 69
354 79
361 108
256 81
265 68
246 108
360 127
357 88
336 69
