242 120
241 136
240 152
240 168
244 183
251 197
261 210
274 220
289 224
306 224
320 217
332 208
342 196
349 183
354 169
358 154
361 139
256 107
264 99
276 97
288 98
298 104
316 107
327 105
339 107
350 113
355 124
305 118
304 127
303 136
302 146
286 153
292 155
299 158
306 158
313 157
267 118
274 115
281 116
288 121
280 121
272 121
320 127
328 124
336 125
341 130
335 131
327 129
270 174
279 168
290 167
297 169
304 168
313 173
321 181
311 190
302 193
294 192
286 190
277 184
273 175
289 173
296 174
303 175
317 181
303 184
295 184
288 182
268 67
280 63
296 66
316 70
344 74
354 84
363 115
254 86
264 73
244 115
362 136
358 94
337 75
