267 112
265 128
263 144
262 161
264 177
271 191
280 204
292 214
308 219
325 220
341 215
355 207
366 196
374 183
380 169
385 154
389 138
281 100
290 91
302 89
314 91
324 97
343 102
355 100
368 102
379 109
384 121
331 112
329 122
327 131
325 141
309 148
316 151
322 154
330 154
337 153
291 111
299 108
307 109
313 115
305 115
297 114
347 122
356 119
363 121
369 127
362 127
354 125
291 168
301 164
312 163
319 165
327 165
336 170
344 179
333 185
322 186
315 186
307 183
298 178
295 169
311 169
318 171
325 171
340 178
324 178
317 178
309 175
297 57
309 55
326 58
346 63
375 69
387 79
394 112
281 77
291 63
269 107
392 133
390 90
368 69
