244 118
243 134
242 149
242 164
245 179
252 193
262 205
274 214
289 219
306 219
320 213
332 204
342 193
349 180
353 166
357 152
360 137
258 106
266 98
277 95
289 97
299 102
316 106
328 104
339 105
349 111
354 122
306 116
305 125
304 134
303 143
287 150
294 152
300 155
307 155
313 154
269 116
275 113
283 114
289 119
281 119
274 118
321 124
328 122
336 123
341 128
334 128
327 127
270 169
280 164
290 163
298 165
305 165
314 169
322 177
312 185
302 187
294 187
286 185
277 179
273 170
289 169
297 170
304 171
318 177
303 179
296 179
288 177
270 66
281 63
298 66
317 69
344 74
354 84
362 114
256 85
266 72
246 113
361 134
358 93
337 74
