254 115
252 132
252 148
252 165
255 182
262 196
273 209
286 218
302 223
320 223
335 218
348 208
358 196
365 182
370 167
375 152
378 137
269 102
277 93
290 91
302 93
314 99
332 103
344 101
357 102
368 109
373 121
321 113
320 123
319 133
317 143
301 150
307 153
314 156
322 155
329 154
280 113
287 110
295 111
302 116
294 116
286 115
336 122
345 119
353 121
359 127
352 127
344 125
282 171
293 166
304 165
312 168
319 167
328 172
336 180
326 187
316 188
308 188
300 185
290 180
286 172
303 171
311 173
318 174
332 180
317 180
310 180
302 178
282 59
294 56
312 59
333 63
363 68
374 79
382 111
267 79
277 65
255 109
380 132
378 89
355 69
