246 116
245 130
244 145
244 160
247 174
254 186
264 197
277 205
292 209
308 209
322 204
334 196
343 186
349 173
353 160
357 146
359 132
258 104
266 96
277 93
288 94
299 99
315 102
327 100
338 102
349 108
353 118
306 112
305 121
304 129
304 139
288 145
295 148
301 150
308 150
314 149
269 113
275 110
282 111
289 116
281 116
274 115
320 121
328 118
335 119
341 124
334 124
327 123
272 163
282 160
292 158
299 161
306 160
314 164
323 170
312 175
303 176
296 175
289 174
280 170
275 164
291 164
298 165
305 166
319 170
304 169
298 169
290 167
269 65
280 62
296 65
316 68
342 71
353 81
362 109
256 83
264 71
246 110
361 129
357 90
336 72
