236 120
234 135
233 150
233 166
236 181
243 194
254 205
267 214
282 218
299 218
313 212
325 203
335 192
341 179
345 165
349 151
351 137
249 106
257 97
268 94
280 96
291 101
308 104
319 102
331 104
341 110
345 121
298 115
297 123
296 132
295 141
279 148
286 151
292 154
300 153
306 152
260 116
266 113
274 114
280 119
273 119
266 118
312 123
320 121
327 122
333 127
326 127
319 126
262 169
273 164
283 162
290 165
298 164
306 168
314 176
304 182
295 184
287 184
280 182
270 177
266 170
282 168
289 169
297 170
310 175
296 176
288 176
281 175
261 66
272 62
289 65
308 68
335 72
345 83
354 114
247 86
256 72
236 115
352 134
349 93
328 73
