238 122
237 137
236 152
236 168
240 183
247 196
257 207
270 216
285 220
301 220
316 215
328 206
337 195
344 182
348 168
352 154
354 139
253 108
261 99
272 97
283 98
294 103
311 107
322 105
334 106
344 113
349 124
301 117
300 126
299 135
298 144
282 151
289 154
295 157
302 156
309 155
263 119
270 116
277 117
284 121
276 121
269 120
315 126
323 124
330 126
336 130
329 130
322 129
266 172
276 167
286 165
293 168
300 167
308 171
316 179
306 185
297 187
290 187
283 185
274 180
269 173
285 171
292 172
299 173
313 179
298 179
292 179
284 177
264 68
276 65
292 67
311 70
338 75
349 85
357 116
250 88
260 74
240 117
356 137
352 95
331 75
