238 117
236 132
236 147
236 163
238 177
246 191
256 202
269 210
285 214
301 214
315 208
328 200
337 189
344 176
348 162
351 148
354 134
250 106
258 97
269 94
281 96
291 101
308 104
320 102
332 103
342 109
347 120
299 114
298 124
297 133
296 142
280 148
287 151
294 154
301 153
307 152
260 115
267 112
274 113
281 118
274 118
266 117
313 122
321 119
328 121
334 125
327 126
320 124
264 167
275 163
285 162
291 165
299 164
308 167
316 173
306 178
296 179
289 179
282 177
273 174
267 167
284 168
291 169
298 169
312 173
297 173
290 173
283 171
261 65
272 62
289 65
309 68
336 71
347 80
356 109
247 84
256 71
238 111
355 129
351 90
329 72
