240 117
239 132
239 147
239 162
242 176
249 189
259 200
272 208
288 212
304 212
318 207
330 199
339 187
345 174
349 161
353 146
355 132
252 106
260 97
271 94
283 96
294 100
310 104
322 102
334 103
344 109
349 119
301 114
300 123
299 131
299 141
283 147
290 150
296 153
303 152
310 151
263 115
270 112
277 113
284 117
276 118
269 117
316 122
324 119
331 120
337 125
330 125
323 124
267 166
278 163
287 161
295 164
301 163
310 167
319 173
308 177
299 178
292 178
285 176
276 172
271 167
287 167
294 168
301 169
315 172
300 172
293 171
286 170
263 65
274 62
291 65
311 68
338 72
349 81
358 110
249 84
258 71
240 112
357 130
353 91
331 73
