249 114
246 130
245 146
245 163
247 179
254 194
263 207
275 217
291 223
308 223
323 217
336 207
347 196
355 182
360 167
365 152
368 137
263 102
271 94
282 91
294 93
304 98
323 102
335 100
347 102
357 109
362 120
311 113
310 123
308 132
307 142
290 148
297 151
304 155
311 154
318 153
272 113
280 110
287 111
293 116
286 116
278 115
327 122
335 120
343 121
348 127
341 126
334 125
271 168
282 163
293 162
301 165
309 165
318 169
326 178
316 187
305 190
297 189
288 187
279 180
275 169
292 168
300 170
308 170
323 177
307 181
298 181
291 179
277 60
288 57
305 60
325 64
353 69
364 79
372 111
262 79
272 66
250 108
370 132
367 90
346 69
