267 127
264 142
263 157
263 173
265 188
271 202
281 213
293 221
308 226
324 226
338 222
351 214
360 203
367 191
372 178
377 164
380 150
281 117
289 108
301 106
313 108
323 114
339 117
351 116
363 118
372 124
376 135
329 127
328 136
327 146
326 156
309 161
315 164
322 167
329 166
335 165
291 127
298 125
305 126
311 130
304 130
297 129
343 136
351 134
358 136
363 141
357 140
350 139
292 179
302 176
312 175
318 178
325 177
333 182
340 189
330 193
321 194
314 193
307 191
299 187
295 180
311 181
317 182
324 183
336 188
323 186
316 186
310 184
294 77
306 74
323 78
342 82
369 87
379 97
385 126
279 95
289 82
267 122
382 146
382 106
362 87
