227 114
226 129
226 143
226 159
229 174
235 187
245 198
258 207
273 211
289 211
304 206
316 197
325 186
332 173
336 159
340 145
342 130
240 102
247 94
258 91
270 92
280 97
298 100
309 98
321 99
332 105
337 116
288 110
287 119
286 128
285 138
270 144
276 147
282 150
290 149
296 147
250 112
257 109
264 109
271 114
263 114
256 114
303 119
311 116
318 117
324 122
317 122
310 121
253 164
263 159
273 158
281 160
288 159
296 163
305 171
295 177
285 178
278 178
270 176
261 172
257 164
273 163
280 165
287 165
301 170
286 171
279 171
272 169
251 62
262 59
278 61
298 64
325 68
336 77
345 106
237 81
246 68
228 109
345 126
340 86
318 68
