242 116
240 132
239 148
239 164
242 180
249 195
259 208
271 218
287 223
303 223
318 217
331 207
342 196
349 182
354 168
358 153
361 138
256 103
264 95
276 93
288 95
298 100
316 104
328 102
340 103
351 110
356 121
305 115
304 124
302 134
301 143
285 150
291 153
298 156
305 156
312 155
266 115
273 112
281 113
287 118
280 118
272 117
320 124
329 121
336 123
342 128
335 128
327 126
267 171
277 166
288 165
295 167
302 167
312 172
320 180
309 188
299 190
292 190
284 188
275 182
271 172
287 171
294 173
302 173
316 179
301 181
293 181
286 179
270 62
281 59
298 62
318 65
346 70
357 80
365 112
255 81
265 68
244 111
364 133
361 90
339 70
