240 116
239 131
238 146
238 161
241 175
248 188
259 199
271 207
286 211
303 211
317 206
329 198
338 187
344 174
348 160
352 146
354 132
253 105
260 97
271 94
283 96
293 100
310 104
321 101
333 103
343 108
348 119
300 113
299 122
298 131
297 141
282 147
289 150
295 152
302 151
309 150
263 115
269 112
277 112
283 117
276 117
268 117
315 121
323 119
330 120
336 124
329 125
322 123
266 165
277 162
286 161
294 163
300 163
309 166
317 172
307 177
298 178
291 177
283 176
275 172
270 166
286 166
293 168
300 168
314 172
299 171
292 171
285 169
263 65
274 62
291 65
310 68
337 71
348 80
357 109
249 84
258 71
240 111
356 128
352 90
330 72
