240 116
239 131
239 146
239 161
242 175
249 188
259 199
272 207
287 211
303 211
318 206
330 198
339 187
345 174
349 160
352 146
354 132
253 105
260 97
271 95
282 96
293 101
310 104
321 102
333 103
343 109
348 119
300 114
299 123
298 132
297 141
283 147
289 150
295 153
302 152
309 151
263 115
270 112
277 112
283 117
276 117
269 117
315 122
323 119
330 120
336 125
329 125
322 124
267 165
277 162
287 161
294 164
300 163
309 166
317 172
307 177
298 178
291 177
284 176
275 172
270 166
286 166
293 168
300 168
314 172
299 171
292 171
285 169
263 65
274 63
290 66
310 69
337 72
348 81
357 109
249 84
258 71
241 111
356 128
352 90
330 73
