302 112
299 129
297 146
297 163
300 180
307 195
318 207
332 217
349 223
367 223
383 218
398 209
409 198
417 184
423 169
427 154
431 138
318 97
327 88
340 85
353 87
365 93
383 98
396 96
409 98
421 106
425 119
372 109
370 119
369 128
367 138
348 146
356 149
363 153
371 152
379 151
329 109
337 106
345 107
352 113
344 113
335 111
387 120
396 117
404 119
410 125
403 125
395 123
328 167
340 162
352 161
360 164
368 164
378 169
387 178
375 184
364 185
355 185
347 182
337 177
332 168
351 168
359 170
367 170
383 177
366 177
357 177
349 174
334 53
346 50
365 53
386 57
416 64
427 76
435 111
317 74
328 60
304 106
432 134
431 88
408 64
