240 117
239 132
238 147
238 162
242 176
249 189
259 200
272 208
287 212
303 212
318 207
330 199
339 188
345 174
349 161
352 146
354 132
252 106
259 98
271 95
282 96
293 101
310 104
321 102
333 103
344 109
349 120
300 114
299 123
298 132
297 142
282 148
289 150
296 153
303 152
309 151
263 115
269 112
277 112
283 117
276 117
268 117
315 122
323 119
330 120
336 125
329 125
322 124
267 166
277 163
287 162
294 164
301 164
309 167
318 173
307 177
298 178
291 178
284 176
275 172
270 167
286 167
293 168
300 169
314 172
299 172
293 171
285 170
262 65
273 63
290 66
310 68
338 72
349 81
357 109
249 84
257 71
240 112
357 129
353 90
330 73
