271 126
269 140
267 155
267 170
269 184
276 197
286 208
297 216
312 221
328 222
342 217
354 210
364 200
371 188
376 175
380 161
383 148
286 115
294 107
305 105
316 107
327 112
342 116
354 115
365 117
374 123
378 133
332 126
331 135
330 144
329 153
313 158
319 161
325 164
332 164
339 163
296 125
303 123
309 124
315 128
308 128
301 127
346 134
354 133
361 134
366 139
359 139
352 137
296 175
306 172
316 172
323 174
329 174
337 178
344 185
334 189
325 189
319 188
312 186
304 182
300 176
315 177
322 179
328 179
340 184
327 182
321 182
314 180
298 76
310 74
326 78
345 82
371 87
381 96
387 126
284 94
294 82
273 121
384 144
384 106
364 87
