244 116
243 131
242 145
242 160
245 174
251 187
262 198
274 205
290 209
306 210
320 205
332 197
341 186
347 173
351 160
354 146
356 132
256 105
263 96
274 93
286 94
297 99
313 102
325 100
336 102
347 108
351 119
304 112
303 121
302 130
301 139
286 145
292 148
299 151
306 150
312 149
266 113
273 110
280 111
286 116
279 116
272 115
318 120
326 118
333 119
339 124
332 124
325 123
269 164
280 160
290 159
297 161
304 161
312 165
321 171
310 175
301 175
294 175
287 173
278 170
273 164
289 164
296 166
303 166
317 170
302 169
295 169
288 167
266 65
277 62
294 65
314 68
341 72
352 81
360 110
253 84
261 71
244 111
359 129
355 91
334 73
