243 112
241 127
241 141
241 156
243 170
251 182
261 193
274 201
289 205
305 205
319 201
332 193
342 183
348 170
352 157
356 143
358 130
257 100
265 92
276 89
287 90
298 95
314 99
325 97
337 99
347 105
351 115
304 109
304 117
303 126
302 135
286 142
293 144
299 147
306 146
312 145
267 109
274 106
281 107
287 112
280 112
273 111
318 117
326 114
333 116
339 121
332 121
325 119
270 159
281 156
291 155
297 157
304 157
312 161
320 167
310 171
301 172
294 171
287 169
279 166
274 160
290 160
296 162
303 162
317 166
302 165
296 165
289 163
268 61
279 58
295 61
315 64
341 68
352 78
360 108
254 80
263 67
245 107
359 127
356 88
335 69
