245 115
244 130
243 144
243 159
245 174
252 187
261 198
274 206
289 210
306 211
320 206
332 198
342 187
348 175
352 161
356 148
358 133
258 102
265 94
276 91
288 93
298 98
315 101
326 100
338 101
348 108
353 119
305 111
304 120
303 129
302 138
287 144
293 147
299 150
306 149
313 148
268 112
274 109
281 110
288 115
280 115
273 114
320 120
327 118
334 119
340 124
333 124
326 123
270 163
280 159
290 158
297 161
304 160
312 164
321 171
310 176
301 177
294 176
287 174
278 170
273 164
289 164
296 165
303 166
317 170
302 170
295 169
288 168
269 63
280 60
297 63
316 66
343 71
353 81
362 110
256 82
265 69
246 110
361 130
357 90
336 71
