244 119
243 134
242 149
242 163
245 178
252 191
263 202
276 210
291 214
308 214
322 209
334 201
343 190
349 177
353 163
356 149
359 135
256 107
264 98
275 95
287 97
297 101
314 104
326 102
338 104
348 110
353 121
305 115
304 124
303 133
303 143
287 149
293 151
300 154
307 153
314 152
267 116
273 113
281 114
287 119
280 119
273 118
320 123
327 120
334 122
340 126
334 127
326 125
270 167
281 164
291 163
298 165
305 164
314 168
323 174
312 179
303 180
296 179
288 178
279 174
274 168
290 168
298 169
304 170
319 173
304 173
297 173
289 171
267 66
278 63
295 66
315 69
342 73
353 82
361 111
253 86
262 72
244 114
361 131
357 92
335 73
