228 116
227 131
226 146
226 161
229 176
236 189
246 200
259 208
274 212
291 212
305 207
317 199
327 188
333 175
337 161
340 147
343 132
241 103
248 95
259 92
271 93
281 98
299 101
310 99
322 101
332 107
337 118
289 111
288 120
287 129
286 138
271 145
277 147
284 150
291 149
297 148
251 113
258 110
265 110
271 115
264 115
257 115
304 120
311 117
319 119
324 124
318 124
310 122
254 164
264 160
275 158
282 161
289 160
297 164
306 171
296 178
286 179
279 179
271 177
262 172
258 165
274 164
281 165
288 166
302 171
287 172
280 172
273 170
251 63
263 60
279 63
299 65
326 70
337 79
346 109
238 82
247 69
228 111
345 129
341 89
319 70
