252 116
250 132
250 149
250 166
253 182
260 197
271 209
284 219
300 224
318 224
333 218
346 209
356 197
363 183
368 168
373 153
376 137
266 102
275 94
287 91
300 93
311 99
330 103
342 101
355 103
366 109
371 121
318 114
317 124
316 133
314 144
298 150
304 153
311 157
319 156
326 155
277 113
285 110
293 111
300 117
291 117
283 116
334 123
343 120
351 121
357 127
349 127
341 125
280 172
291 167
302 165
309 168
316 168
325 172
334 181
323 188
313 189
306 189
298 187
288 181
284 173
301 172
308 173
315 174
330 180
315 181
307 181
299 179
279 60
292 56
309 60
331 64
360 69
371 79
380 111
264 80
274 66
253 110
378 133
375 90
352 69
