240 118
239 133
238 147
238 162
241 176
248 189
259 200
271 208
287 212
303 212
317 207
329 199
339 188
345 175
348 161
352 147
354 133
252 106
259 98
271 95
282 96
293 101
310 104
321 102
333 103
343 109
348 120
300 114
299 123
298 132
297 141
282 148
289 150
295 153
302 152
309 151
262 115
269 112
276 113
283 118
275 118
268 117
315 122
323 119
330 121
336 125
329 126
322 124
267 166
277 163
287 162
294 164
300 163
309 167
318 173
307 177
298 178
291 178
284 176
275 172
270 167
286 167
293 168
300 169
314 172
299 171
292 171
285 170
262 66
273 63
290 66
310 69
337 72
348 82
357 110
249 85
258 72
240 112
356 130
352 91
330 73
