233 119
231 134
231 149
231 164
233 179
241 192
251 203
264 212
279 215
296 215
310 210
323 202
332 191
339 178
343 164
346 150
349 136
246 105
254 97
265 94
277 95
287 100
304 103
316 101
327 103
338 109
342 120
294 114
293 122
293 131
292 140
276 147
282 149
289 152
296 151
303 151
257 115
263 112
271 113
277 118
270 118
262 117
309 123
317 120
324 121
330 126
323 126
316 125
259 167
269 162
280 160
287 163
294 162
303 166
311 174
301 180
291 182
284 182
276 180
267 175
262 167
279 166
286 167
293 168
308 174
293 175
285 174
278 173
257 66
269 62
285 65
305 68
332 72
342 82
351 113
244 85
253 72
233 114
350 133
346 92
325 73
