245 119
243 136
242 151
243 168
245 184
253 198
263 210
276 220
292 224
309 224
323 218
336 209
346 197
353 183
358 169
362 154
365 139
259 107
267 99
279 96
291 98
301 103
319 107
331 105
343 107
354 113
358 124
309 117
308 127
307 136
305 146
289 153
296 156
302 159
310 158
316 157
270 118
277 114
284 115
291 121
283 121
276 120
323 126
332 123
339 124
345 130
338 130
331 128
272 174
283 168
293 167
300 169
307 169
316 173
324 181
314 189
305 191
297 191
289 189
280 183
276 174
292 173
299 174
307 175
320 181
306 183
298 183
291 181
271 66
282 63
300 66
320 69
348 73
359 83
368 114
257 86
266 72
246 115
366 135
363 93
341 74
