255 113
252 129
251 145
251 162
253 178
259 193
269 205
281 216
297 221
314 221
330 216
343 207
354 196
361 182
367 167
371 153
375 137
269 100
277 92
289 90
301 92
312 98
329 102
342 100
354 102
365 108
370 120
318 112
316 122
315 131
313 141
297 148
303 151
310 154
317 153
324 152
279 112
286 109
294 110
300 116
292 116
284 115
334 122
342 119
350 121
356 126
349 127
341 125
279 169
289 164
300 163
307 165
314 165
323 170
332 179
321 186
311 188
303 187
295 185
286 179
283 170
299 169
306 171
313 171
328 178
312 179
305 179
297 177
283 59
295 56
312 59
332 63
361 69
371 79
379 111
268 79
278 65
256 109
378 133
375 90
353 69
