256 113
254 130
254 146
253 163
256 179
264 194
274 206
287 216
304 220
321 221
337 215
350 206
360 195
367 181
373 166
377 151
380 135
271 101
280 92
292 90
304 92
315 98
334 102
347 100
359 102
370 108
375 120
323 113
322 122
321 132
319 142
303 149
309 152
316 155
323 154
330 153
282 112
290 109
298 110
304 116
296 116
288 115
338 122
347 119
355 121
361 126
354 127
346 125
284 169
295 165
306 164
313 166
321 166
330 171
338 179
327 185
317 186
310 186
302 183
292 178
288 170
305 170
312 171
320 172
334 178
319 178
311 178
304 176
285 58
297 55
315 59
336 63
365 68
376 79
385 111
269 78
279 64
257 108
383 132
380 89
357 68
