240 117
239 132
238 146
239 161
242 175
249 188
259 199
271 207
287 211
303 211
317 206
329 198
338 187
344 175
349 161
352 147
354 133
253 105
260 97
271 93
283 95
294 99
310 103
322 101
334 102
344 108
349 119
301 113
300 122
299 131
298 140
283 147
289 149
296 152
303 151
309 150
263 114
270 111
277 112
284 117
276 117
269 116
315 121
323 118
330 120
336 124
329 125
322 123
267 165
277 161
287 160
294 162
301 162
309 165
318 172
307 176
298 177
291 177
284 175
275 171
270 165
286 166
293 167
300 167
314 171
299 170
293 170
285 168
263 65
275 62
291 65
311 67
338 71
348 81
357 110
250 84
259 71
241 112
356 129
352 90
331 72
