230 116
229 131
228 147
228 162
231 177
238 191
248 203
260 212
275 217
291 217
306 211
318 202
329 191
335 178
340 164
344 149
347 134
242 105
250 97
261 94
273 96
283 101
301 104
313 102
325 103
335 109
340 120
291 114
289 124
288 133
287 143
271 149
278 152
285 155
292 154
299 153
252 115
259 112
267 113
273 118
266 118
258 117
306 123
314 120
321 121
327 126
320 126
313 125
254 167
264 164
275 163
282 165
290 164
299 168
308 175
297 182
287 184
279 184
271 182
262 177
257 168
274 168
282 169
289 170
304 175
288 177
281 177
273 175
255 64
266 61
282 64
302 67
330 71
341 80
350 110
241 82
250 69
231 110
349 130
345 90
323 72
