278 114
276 131
274 147
273 164
276 181
282 196
292 209
305 220
321 225
339 225
354 219
368 210
379 198
387 185
393 170
398 155
401 139
293 102
302 93
314 91
326 93
337 99
355 103
368 101
380 103
391 110
396 122
344 114
342 124
340 134
339 144
321 150
328 153
335 157
343 156
350 155
303 114
311 110
319 112
325 117
317 117
309 116
359 124
368 121
375 123
381 128
374 128
366 126
302 170
313 166
324 165
332 168
340 167
349 172
358 180
346 188
336 190
327 190
319 187
310 181
305 171
323 171
331 173
339 173
354 180
338 182
329 182
322 180
308 59
320 56
337 60
358 64
387 69
398 80
406 112
292 79
303 65
280 109
404 134
402 91
380 70
