241 118
240 133
240 147
240 163
243 177
250 190
260 201
273 209
288 213
305 213
319 208
331 200
341 189
347 175
350 162
354 147
356 133
254 106
261 98
272 95
284 97
295 102
312 104
323 102
335 103
346 109
351 120
302 114
301 124
300 133
299 142
284 149
291 151
297 154
304 153
311 152
264 116
271 112
278 113
285 118
277 118
270 118
317 122
325 120
332 121
338 126
331 126
324 125
268 167
278 164
288 163
295 165
302 164
311 167
320 173
309 178
300 179
293 179
285 177
276 173
271 167
287 168
295 169
302 169
316 173
301 172
294 172
287 171
264 66
275 63
292 66
312 69
339 72
350 81
359 110
250 84
259 72
241 112
359 129
355 90
332 73
