302 113
299 130
298 148
297 165
299 182
306 198
317 211
330 221
347 226
365 227
382 221
396 212
407 200
415 186
421 170
426 155
430 139
316 101
325 92
338 89
351 91
362 97
382 102
395 100
408 102
420 109
424 121
370 113
368 123
367 133
365 144
347 150
354 154
361 157
369 156
376 156
328 112
335 109
344 110
350 116
342 116
334 115
385 123
395 120
403 122
409 127
401 128
393 126
327 171
339 167
351 166
358 169
366 169
376 173
384 181
373 188
362 190
354 190
345 188
336 182
331 172
349 172
357 174
365 174
380 181
364 182
356 182
348 180
332 56
345 53
363 57
385 61
415 67
427 78
435 111
315 77
327 62
303 108
433 133
431 89
407 67
