261 126
259 141
258 157
258 172
261 187
268 200
278 211
290 220
305 225
321 225
335 220
347 212
358 202
365 189
370 176
374 162
378 148
276 115
285 107
296 105
308 106
319 112
334 116
346 114
358 116
368 122
372 133
325 126
323 135
322 144
321 153
305 159
311 162
318 165
325 165
331 164
287 126
294 124
301 125
307 129
300 129
292 128
338 135
346 133
354 135
359 139
352 139
345 138
289 179
299 175
309 173
315 176
321 176
329 180
336 188
326 192
318 193
311 192
304 190
296 186
292 179
307 179
314 181
320 182
332 187
319 185
312 185
306 183
289 75
301 72
317 76
337 79
363 85
374 95
381 125
274 94
284 81
263 122
378 145
377 105
357 85
