236 115
235 131
234 145
234 161
237 176
244 189
254 200
267 208
282 212
298 212
313 207
325 199
335 188
341 175
346 161
349 147
352 133
248 104
256 96
267 93
279 95
289 100
306 103
318 101
330 102
340 108
345 119
296 113
296 122
295 131
294 141
278 147
285 150
291 153
298 152
305 151
258 114
265 111
273 112
279 117
272 117
264 116
312 121
319 118
327 120
332 125
326 125
319 123
261 165
272 162
282 161
289 163
296 163
305 166
314 172
303 177
294 179
286 178
279 177
270 173
265 166
281 167
288 168
296 168
310 172
295 172
288 172
280 170
260 63
271 61
287 64
307 67
335 70
346 80
355 109
246 82
255 69
236 110
354 128
350 89
327 71
