242 119
241 134
241 148
241 163
244 178
251 191
262 202
274 210
290 214
306 214
320 209
332 200
342 190
348 177
352 163
355 149
357 135
256 107
263 99
274 96
286 97
296 102
313 105
324 103
336 104
346 110
352 121
303 116
303 125
302 134
301 144
286 150
292 152
299 155
306 154
312 153
266 117
272 114
280 114
286 119
279 119
272 119
318 124
326 121
333 122
339 127
332 127
325 126
269 168
280 165
290 163
297 166
304 165
312 168
321 174
310 179
301 180
294 180
287 178
278 174
273 168
289 169
296 170
303 170
317 174
302 173
295 173
288 172
266 66
277 64
294 67
313 69
340 73
351 82
360 111
252 85
261 72
243 113
359 130
355 91
333 74
