245 117
244 132
243 147
243 162
245 178
252 191
262 203
274 212
289 216
305 216
320 211
332 203
342 192
349 179
353 165
357 151
360 137
259 104
267 97
278 94
289 96
299 101
316 105
328 103
339 105
349 111
354 121
306 115
305 124
304 133
303 142
287 148
293 151
300 154
307 153
313 152
269 115
276 112
283 113
289 118
282 118
275 117
321 124
328 121
336 122
341 128
334 127
327 126
270 167
280 163
290 162
298 164
305 164
314 168
322 175
311 182
302 184
294 184
287 182
278 176
273 168
289 167
297 169
304 169
318 175
303 177
296 176
288 175
271 65
282 62
298 65
317 68
344 73
354 83
363 113
257 83
266 71
247 111
361 133
358 93
337 74
