247 116
246 130
245 144
245 159
247 173
254 186
264 196
276 204
291 208
308 208
322 204
334 196
343 186
349 173
353 160
356 147
359 133
260 104
267 96
278 93
289 94
300 99
316 102
327 100
339 102
349 108
353 119
306 112
306 121
305 129
304 138
289 145
295 147
301 150
308 149
314 148
270 113
276 110
283 111
289 116
282 116
275 115
321 121
329 118
336 119
341 124
335 124
328 123
272 163
283 159
292 158
299 160
306 160
314 164
323 170
312 174
303 175
296 174
289 172
281 169
276 163
292 163
298 165
305 165
319 169
304 168
298 168
291 166
270 66
281 63
298 65
317 68
343 72
354 82
362 111
257 84
266 71
247 112
361 130
358 91
336 73
