246 113
244 127
243 142
243 157
245 171
253 183
263 194
276 202
291 205
307 206
321 201
334 194
344 183
351 171
355 158
358 145
361 131
260 100
267 93
278 90
290 91
300 96
316 100
328 98
339 100
349 106
354 116
307 110
306 118
305 126
304 135
289 142
295 145
301 148
308 147
315 146
270 110
276 108
284 108
290 113
283 113
275 113
321 118
329 116
336 117
341 122
335 122
328 121
272 160
282 157
293 156
299 158
306 158
314 161
322 167
312 171
303 172
296 172
289 170
280 166
275 161
292 161
298 163
305 163
319 167
304 166
297 165
291 164
271 62
282 59
298 62
318 65
344 69
355 79
363 109
257 81
266 68
247 108
361 128
359 89
337 70
