271 109
269 125
267 142
267 159
269 175
276 190
287 203
300 213
316 218
334 219
350 213
364 204
375 193
383 179
389 164
393 149
396 134
286 95
295 86
307 84
320 86
331 91
349 96
362 94
375 97
386 104
391 116
338 107
337 116
335 126
334 136
316 143
323 146
330 150
338 149
345 148
296 106
304 103
312 104
319 110
311 110
303 109
354 117
363 114
371 116
376 122
369 122
361 120
296 164
308 160
319 159
327 161
334 161
344 166
352 175
341 181
330 182
322 181
314 179
305 173
300 165
318 165
325 167
333 168
348 174
332 173
324 173
316 171
301 52
313 49
331 52
352 56
382 62
393 74
400 108
285 72
295 58
273 104
398 130
397 85
374 63
