267 109
264 126
263 143
263 159
266 176
273 191
283 204
296 214
313 219
331 220
347 214
360 205
371 193
378 179
384 164
388 149
392 134
282 95
290 87
303 84
316 86
327 92
345 97
358 95
371 97
382 104
387 117
334 107
333 117
331 126
330 137
312 144
319 147
326 151
334 150
341 149
292 107
300 104
308 105
315 111
306 111
298 110
350 118
359 115
367 117
373 123
366 123
358 121
293 166
305 161
316 159
323 162
331 162
340 167
349 176
337 182
327 184
319 183
311 181
301 175
297 167
314 166
322 168
330 169
345 176
329 175
321 174
313 172
296 53
308 49
326 53
348 57
377 63
388 75
396 109
280 73
291 59
268 104
394 131
392 86
369 63
