289 110
286 127
285 144
284 161
287 177
294 192
305 204
318 214
335 220
354 220
370 215
384 206
395 194
403 180
409 165
413 150
416 134
304 95
313 86
325 83
338 85
349 91
368 95
381 93
394 96
405 103
409 116
356 106
355 115
354 125
352 134
334 142
341 145
349 149
357 148
364 147
315 107
322 103
330 105
337 110
329 110
321 109
372 117
381 114
389 116
395 122
388 122
380 120
314 164
326 159
338 157
346 160
354 160
364 165
373 174
361 181
350 182
341 181
333 179
323 174
318 165
336 164
344 165
353 166
368 173
352 174
343 173
335 171
318 53
331 49
349 52
370 55
400 62
411 74
419 109
302 74
313 59
290 106
417 131
415 85
392 62
