257 126
256 142
255 157
255 172
258 187
265 201
275 212
287 221
303 225
319 226
333 220
346 212
356 201
363 188
368 175
372 161
375 146
273 114
281 106
293 104
305 105
315 111
331 115
343 113
354 114
365 120
369 131
321 125
320 134
319 143
318 152
302 159
308 162
315 165
322 164
328 163
283 126
290 123
298 124
304 128
296 129
289 128
335 134
343 132
350 133
356 138
349 138
342 136
286 179
296 174
306 173
312 176
319 175
326 180
334 187
324 191
315 192
308 192
302 190
293 186
290 179
305 179
311 180
318 181
330 186
317 185
310 184
303 183
285 74
297 71
314 74
333 78
360 83
371 93
378 123
271 94
280 80
260 122
376 144
374 103
353 83
