300 113
297 130
296 146
295 163
298 179
305 194
316 207
329 217
347 222
365 223
381 217
395 209
407 197
414 183
420 168
424 153
427 138
316 97
325 88
337 85
350 87
362 93
380 97
393 96
406 98
417 106
422 118
369 109
368 118
366 126
365 136
347 145
354 148
361 151
369 151
376 150
327 109
335 106
343 107
349 113
341 113
333 112
385 120
394 117
402 119
407 125
400 125
392 123
326 167
338 162
350 160
358 163
366 162
375 168
384 178
372 184
361 185
353 184
345 182
335 176
330 168
349 167
357 168
364 169
379 177
363 176
355 175
347 173
331 55
343 51
362 54
383 58
412 65
424 77
431 113
314 76
325 62
302 109
429 136
427 89
405 64
