265 127
263 142
261 158
261 173
263 189
269 202
279 213
291 222
307 226
323 227
337 222
350 214
359 204
366 191
371 178
376 164
379 150
279 116
287 108
299 106
310 108
321 113
337 117
349 115
361 117
371 123
375 134
327 127
326 136
325 145
324 155
307 161
313 164
320 167
327 166
333 165
289 127
296 124
303 125
309 130
302 130
295 129
341 136
349 134
356 136
361 140
355 140
348 138
290 180
301 176
311 175
317 178
324 177
331 182
338 189
328 193
320 193
313 193
306 191
298 187
294 180
309 181
316 182
323 183
335 188
321 186
314 186
308 184
292 76
304 73
320 77
340 81
367 86
377 96
383 126
277 94
287 82
265 122
381 146
380 106
360 86
