298 114
295 131
294 148
293 166
296 183
303 198
313 212
326 222
342 227
360 228
376 222
390 213
402 201
410 187
416 172
421 156
425 140
313 102
322 93
334 91
346 93
357 99
377 104
390 102
403 104
414 111
419 123
365 115
363 125
361 135
359 146
342 152
349 155
356 159
364 158
371 157
323 114
331 111
339 112
346 118
338 118
329 117
381 125
390 122
398 124
404 129
397 130
388 128
324 173
335 169
346 168
353 171
361 170
370 175
379 184
367 191
357 193
349 192
341 189
331 184
327 174
344 174
352 176
360 177
374 183
359 184
351 184
343 181
328 58
340 55
358 59
380 63
410 69
422 80
430 113
312 78
323 64
299 109
428 135
426 91
402 69
