303 113
300 130
298 147
298 164
300 180
308 195
319 208
332 217
350 223
368 223
384 218
398 209
409 198
417 184
423 169
428 154
432 139
319 97
329 88
341 85
355 87
366 93
385 98
398 97
411 99
422 107
426 119
373 110
372 119
370 128
369 138
350 146
357 149
365 153
372 152
380 152
330 109
338 106
346 108
353 113
345 113
337 112
388 121
397 118
406 120
411 126
404 126
396 124
329 168
342 163
354 161
361 164
369 164
378 170
387 179
375 185
365 186
356 185
348 183
338 177
333 169
352 168
360 170
368 171
382 178
366 177
358 177
350 174
335 54
348 50
366 54
388 58
417 65
428 78
436 113
318 75
329 61
305 108
433 136
432 89
409 65
