300 114
298 131
296 148
296 166
298 183
305 198
316 212
329 222
346 227
364 227
380 221
394 212
406 200
414 186
419 171
424 155
428 139
315 102
324 93
336 90
349 92
361 98
380 103
393 101
406 103
417 110
422 122
368 114
366 124
365 134
363 145
346 151
352 155
359 158
367 157
375 156
326 113
334 110
342 111
349 117
340 117
332 116
384 124
393 121
401 122
407 128
400 128
391 127
326 173
338 168
349 167
356 170
364 170
374 174
383 182
371 190
361 192
352 191
344 189
334 183
330 173
348 173
355 175
363 176
378 182
362 183
354 183
346 181
330 57
343 54
361 58
382 62
413 68
425 78
433 112
314 78
325 63
301 109
430 134
428 89
405 68
