261 111
259 128
258 145
257 162
260 179
267 194
277 206
291 215
308 220
325 220
341 215
354 206
365 194
372 180
377 165
382 150
386 135
275 99
284 90
296 87
309 89
321 95
339 99
352 97
365 99
376 106
380 118
328 110
327 120
326 130
324 140
306 146
313 149
320 153
328 152
335 151
286 109
294 106
302 107
309 113
301 113
293 112
343 119
352 116
360 118
366 124
359 124
351 122
288 167
299 163
310 162
317 164
325 164
335 169
343 177
332 182
322 184
313 183
306 181
296 176
291 168
309 168
316 170
324 170
339 176
323 176
315 175
308 173
289 55
302 52
320 56
341 60
371 65
382 76
390 109
273 75
284 61
261 106
388 130
386 87
363 66
