302 113
299 130
297 147
297 164
299 181
306 196
317 209
331 219
348 224
367 225
383 220
397 210
409 199
417 185
423 170
427 155
431 140
319 98
328 89
341 86
354 88
366 94
385 99
398 97
411 100
422 107
426 120
373 110
371 120
370 129
368 140
350 147
357 150
364 154
372 154
379 153
330 110
338 107
346 108
353 114
344 114
336 113
388 121
397 119
405 121
411 127
404 127
396 125
328 169
341 164
353 163
360 166
369 166
378 171
387 180
375 186
364 187
356 186
347 184
337 178
332 170
351 169
359 171
367 172
382 179
366 178
358 178
350 176
335 55
348 51
366 54
388 58
417 65
428 78
436 113
318 76
329 61
304 108
433 136
432 90
410 65
