261 112
259 129
257 145
256 161
258 178
264 192
274 205
287 215
303 220
320 221
336 216
349 207
360 196
368 182
373 168
378 153
382 138
275 100
284 92
296 89
308 91
318 97
336 101
349 100
361 102
372 109
376 121
325 112
323 121
322 131
320 141
303 147
310 150
316 153
324 153
331 152
285 111
293 108
300 110
307 115
299 115
291 114
340 122
349 119
356 121
362 127
355 126
348 125
284 167
295 162
306 161
313 164
321 164
330 169
338 177
327 184
317 186
309 186
301 183
292 177
287 168
305 167
312 169
320 170
335 177
319 178
311 178
303 176
290 58
302 55
319 59
340 63
368 69
379 80
387 112
275 78
285 64
262 108
385 133
383 90
361 69
