249 117
247 134
247 150
246 167
249 183
256 198
267 210
280 219
296 224
313 223
328 217
341 208
352 197
359 183
364 168
368 153
371 138
264 105
272 97
284 94
296 96
307 101
325 105
337 103
349 105
360 111
365 122
314 116
313 125
312 135
311 145
294 152
301 155
308 158
315 157
322 156
274 116
282 113
289 114
296 119
288 119
280 118
329 124
338 121
345 123
351 128
344 128
337 127
277 173
288 168
298 166
305 169
313 168
322 173
329 181
319 187
309 189
301 189
294 187
285 182
280 173
297 172
304 174
312 174
325 180
311 181
303 181
296 179
276 63
288 60
306 63
326 67
355 71
366 81
374 113
262 83
271 69
250 113
373 134
370 92
348 72
