244 119
243 134
243 149
243 164
246 178
253 191
263 202
276 211
291 214
308 214
322 209
334 201
343 190
350 177
354 163
357 149
359 134
257 107
264 99
275 96
287 97
298 102
314 105
326 103
338 105
348 110
353 121
305 115
304 124
303 134
302 143
287 149
293 152
300 155
307 154
314 153
267 116
274 113
281 114
288 119
280 119
273 118
320 123
327 120
335 122
340 127
334 127
326 125
270 168
281 165
291 164
298 166
305 165
314 168
323 174
312 179
303 180
296 180
288 178
279 174
274 168
290 169
298 170
304 170
319 174
304 173
297 173
289 172
267 66
278 64
295 67
315 69
342 73
353 82
362 111
254 86
263 73
245 113
361 130
357 92
335 74
