248 113
246 128
246 143
246 157
248 172
254 184
264 195
276 203
291 207
307 208
321 203
334 196
343 186
349 173
354 160
357 146
360 132
260 102
268 93
279 90
290 92
300 97
317 100
329 98
340 100
350 107
355 118
307 110
306 119
305 127
304 136
289 143
295 145
301 148
308 148
315 147
270 111
277 108
284 109
290 114
283 114
276 113
322 119
329 117
336 118
342 123
335 123
328 122
272 161
283 157
292 156
299 159
306 158
315 162
323 169
312 173
303 174
296 173
289 172
280 168
275 161
291 161
298 163
305 163
319 168
304 167
297 167
290 165
272 63
283 60
299 63
318 66
345 71
356 81
364 110
258 81
267 69
248 109
363 129
359 90
338 71
