239 119
238 134
238 149
238 164
241 178
248 191
259 202
272 210
287 214
303 215
318 209
330 201
340 190
346 177
350 163
353 148
355 134
252 107
259 98
270 96
282 97
293 102
310 105
322 103
334 104
344 110
350 121
300 115
299 124
299 133
298 143
282 149
289 152
296 155
303 154
310 153
262 116
269 113
276 114
283 118
275 119
268 118
316 123
323 120
331 122
337 126
330 127
322 125
266 168
277 164
287 163
294 165
301 165
309 168
318 174
308 179
298 180
291 180
284 178
275 174
270 168
286 168
293 170
300 170
315 174
299 173
293 173
285 172
262 66
273 63
290 66
310 69
338 73
349 82
358 111
249 85
257 72
240 113
358 130
353 91
331 73
