263 110
261 127
260 144
260 160
262 177
270 192
280 204
293 214
310 219
328 220
344 215
357 206
368 194
375 180
381 165
385 149
388 134
279 96
288 88
300 85
312 87
324 93
342 98
354 96
367 98
378 105
383 117
330 108
329 118
328 127
326 138
309 145
316 148
323 151
331 151
338 150
289 108
297 105
305 106
312 112
303 112
295 111
346 119
355 116
363 118
369 124
362 124
354 122
289 166
301 161
312 160
320 163
328 162
337 167
346 176
334 182
324 184
316 183
308 180
298 175
293 167
311 166
319 168
326 169
341 175
325 175
318 175
310 172
293 54
305 50
323 54
344 58
373 64
384 76
392 109
277 74
288 60
265 105
390 131
388 86
366 64
