229 117
228 132
228 147
228 162
231 177
238 190
248 201
261 209
277 213
293 213
307 208
319 200
329 189
335 176
339 162
343 148
345 134
243 104
250 96
262 93
273 94
284 99
301 102
312 100
324 102
334 108
339 118
291 112
290 121
289 130
288 139
273 146
279 148
286 151
293 150
300 149
253 114
260 111
267 112
273 116
266 117
259 116
306 121
314 119
321 120
326 125
320 125
313 123
256 166
266 161
277 159
284 161
291 161
300 165
308 172
298 178
288 180
281 180
273 178
264 174
259 166
276 165
283 166
290 166
304 172
289 173
282 173
275 171
254 65
265 61
281 64
301 66
328 71
339 81
348 110
240 84
249 71
230 112
347 130
343 90
321 71
