245 116
243 131
243 146
242 161
245 176
252 189
262 200
274 209
289 213
306 214
320 209
333 200
342 190
349 177
353 163
356 149
359 135
258 104
266 96
277 93
288 95
298 100
315 103
327 101
338 103
349 109
353 120
305 113
304 122
303 131
302 140
287 147
293 149
299 152
306 152
313 151
268 114
275 111
282 112
288 117
281 117
274 116
320 122
328 120
335 121
340 126
334 126
326 125
269 165
280 162
290 160
297 163
304 162
313 166
321 173
311 179
301 180
294 180
287 178
278 173
273 166
289 166
296 167
303 168
317 173
303 173
295 173
288 171
269 64
281 61
297 64
316 68
343 72
354 82
362 112
256 83
265 70
246 111
361 132
357 92
336 73
