237 116
235 131
235 146
235 161
237 176
244 189
254 200
267 209
282 213
299 213
313 208
326 199
336 189
342 176
346 162
350 148
352 134
250 104
257 96
268 93
280 94
290 99
307 102
319 100
331 102
341 108
346 119
298 113
297 122
296 131
295 141
279 147
285 149
292 152
299 151
306 150
260 114
267 111
274 112
280 116
273 116
266 116
312 121
320 118
328 120
333 125
327 125
320 123
262 165
273 162
283 161
290 163
297 162
306 166
315 172
304 177
294 178
287 178
279 176
270 172
265 166
282 166
289 167
297 168
311 172
296 172
288 172
281 170
261 64
272 61
289 64
309 67
336 70
347 80
355 109
247 83
256 70
237 111
354 129
351 90
329 71
