248 118
246 134
245 150
245 167
248 183
255 197
265 209
278 219
294 224
311 224
326 218
339 208
349 197
356 183
361 168
365 153
368 138
262 106
269 98
281 96
293 97
303 103
322 106
334 104
346 106
356 112
361 123
311 117
310 126
309 136
308 146
291 152
298 155
305 158
312 157
319 156
272 117
279 114
287 115
293 120
286 120
278 119
326 125
334 122
342 123
348 129
341 129
333 127
274 173
285 168
295 167
302 169
310 169
319 173
327 180
316 188
307 190
299 190
291 188
282 182
278 173
294 172
301 174
309 174
323 180
308 182
300 182
293 180
274 65
285 62
302 65
323 68
351 72
362 82
371 113
260 84
269 71
249 113
370 133
366 92
344 73
