227 115
226 130
226 144
226 159
229 174
235 187
246 198
258 207
273 211
290 211
304 206
316 198
326 187
332 174
336 160
339 146
342 131
240 102
247 94
259 91
270 92
281 97
298 100
309 98
321 100
332 106
337 117
288 110
287 119
286 128
285 138
270 144
276 147
283 150
290 149
297 148
250 112
257 109
264 110
271 114
263 115
256 114
303 119
311 116
318 118
324 123
317 123
310 121
254 164
264 160
274 158
281 160
288 160
297 164
305 171
295 177
285 178
278 178
271 176
262 172
257 164
273 163
280 165
287 165
302 170
286 171
279 171
272 169
251 63
262 59
279 62
298 65
325 69
336 78
345 108
237 81
246 68
228 110
344 128
340 88
318 69
