243 118
241 134
241 148
241 164
244 178
251 191
262 202
274 210
290 214
306 214
321 209
333 200
342 189
348 176
352 163
355 149
358 134
255 107
263 99
274 96
286 97
297 102
314 105
325 103
337 104
347 110
352 121
304 115
303 124
302 133
301 143
286 149
292 152
299 154
306 153
313 152
266 116
273 113
280 114
286 119
279 119
272 118
319 123
326 120
334 122
340 126
333 127
326 125
269 168
280 164
290 163
297 165
304 164
312 168
321 174
310 179
301 180
294 179
287 178
278 174
273 168
289 168
296 170
303 170
317 174
303 173
296 173
288 171
266 67
277 64
294 67
314 69
341 73
352 82
361 111
252 86
261 73
243 114
360 131
356 92
334 74
