242 117
241 131
240 146
240 161
243 175
250 188
260 198
273 207
288 211
304 211
319 206
331 198
340 187
346 174
350 160
353 146
355 132
254 105
261 97
272 94
284 95
294 100
311 103
323 101
334 102
345 108
350 119
301 113
301 122
300 131
299 140
284 146
290 149
297 152
304 151
311 150
264 114
271 111
278 112
285 116
277 117
270 116
317 121
324 118
331 119
337 124
330 124
323 123
268 164
278 161
288 160
295 162
302 162
311 165
319 171
309 176
300 177
293 176
285 175
276 171
271 165
287 165
295 167
301 167
316 171
301 170
294 170
286 168
264 65
275 62
292 65
311 68
338 71
349 81
358 109
251 84
260 71
242 111
357 129
353 90
331 72
