236 116
235 131
234 147
234 162
237 177
244 190
254 201
267 209
282 213
299 213
313 208
326 200
335 189
342 176
346 162
350 148
352 133
248 105
256 96
268 94
279 95
290 100
307 103
319 101
331 103
341 109
346 119
297 113
296 122
295 131
295 141
279 147
285 150
292 153
299 152
306 151
259 114
266 111
273 112
279 117
272 117
265 116
312 121
320 118
327 120
333 125
326 125
319 124
261 166
273 162
283 161
290 163
297 163
306 166
315 172
304 178
294 179
287 179
279 177
270 173
265 166
282 166
289 168
296 168
311 172
296 173
288 172
281 171
260 64
271 61
288 64
308 67
335 71
346 80
355 110
246 83
255 70
236 111
354 129
350 90
328 72
