293 115
291 132
289 148
289 165
291 182
298 197
308 210
321 220
337 226
355 227
371 221
385 212
396 200
404 186
410 172
415 156
419 140
308 101
317 93
329 91
342 93
353 99
372 104
385 102
398 104
409 111
414 123
360 115
358 125
357 135
355 145
338 151
344 155
351 158
359 157
366 157
318 114
326 111
334 112
341 118
332 118
324 117
376 125
385 122
393 124
399 130
392 130
383 128
318 172
330 168
341 167
348 169
356 169
365 174
374 183
362 190
352 192
344 191
336 189
326 183
322 173
339 173
347 175
355 176
370 182
354 183
346 182
338 180
324 58
336 55
354 59
375 63
405 69
416 80
424 113
307 78
318 64
295 109
422 136
420 91
397 69
