272 113
270 130
269 146
268 163
271 179
277 194
287 207
300 217
316 222
333 222
349 217
362 208
374 197
381 183
387 169
392 153
395 138
287 101
295 93
307 90
319 92
330 98
349 102
361 101
374 103
385 110
390 122
337 113
336 123
334 132
332 142
316 149
322 152
329 155
337 155
344 154
297 113
304 110
312 111
319 117
311 117
303 115
353 123
361 120
369 122
375 128
368 128
360 126
297 169
308 165
319 164
326 166
334 166
343 171
351 179
340 186
330 188
322 187
314 185
305 179
300 170
317 170
325 171
333 172
347 178
331 180
324 179
316 177
302 59
314 56
331 59
351 63
381 69
392 80
400 112
286 78
296 65
274 109
398 134
396 90
373 69
