251 126
249 142
248 158
248 174
251 189
258 203
268 215
280 224
296 228
312 228
326 223
338 214
348 202
355 189
360 174
364 159
366 145
265 113
273 104
284 101
297 103
308 108
324 112
335 110
347 112
358 118
362 130
314 122
313 131
312 140
311 150
294 157
300 160
307 163
315 162
322 161
275 124
282 123
289 123
296 126
288 127
281 126
329 132
337 131
344 132
349 136
342 136
335 134
278 180
288 175
298 173
305 176
311 175
319 180
327 188
317 193
308 193
301 192
294 190
286 186
282 180
297 179
304 181
311 182
323 187
309 185
303 185
296 183
277 73
289 69
306 72
325 75
352 80
363 91
370 123
262 93
272 79
252 124
368 145
366 101
345 80
