269 126
267 141
265 155
265 170
268 185
275 198
285 208
297 217
312 221
328 222
342 217
354 209
363 199
370 187
375 174
379 161
382 148
285 114
293 107
304 105
316 107
326 112
342 116
353 115
364 117
374 122
378 133
332 126
331 135
330 143
329 152
313 158
319 161
325 164
332 163
338 163
295 126
301 123
309 124
315 129
307 129
300 128
346 134
353 132
360 134
365 139
359 139
352 137
296 177
306 173
316 172
322 174
329 174
336 178
343 185
333 189
325 190
319 189
312 187
304 183
300 177
315 178
321 179
328 180
340 185
327 183
320 182
314 180
297 77
309 74
325 78
344 81
370 86
380 96
386 126
283 95
292 82
271 122
383 145
383 106
363 86
