232 116
230 132
230 147
230 163
233 178
239 192
249 204
261 214
277 218
293 218
308 212
320 203
331 192
338 179
342 164
346 150
349 135
244 105
252 97
264 95
275 97
286 102
303 105
315 103
327 104
337 110
343 121
293 116
292 125
291 134
289 144
274 150
280 153
287 156
294 155
301 154
255 116
262 113
269 114
276 119
268 119
261 118
308 124
316 121
323 122
329 127
322 128
315 126
256 169
267 165
277 163
284 166
292 165
301 169
310 176
299 184
289 186
281 186
273 184
264 179
260 170
276 169
284 170
291 171
306 176
290 179
283 178
275 177
257 64
268 62
284 65
304 68
332 72
343 81
352 111
243 83
252 70
233 111
351 130
347 91
325 72
