242 122
241 138
240 153
240 168
243 183
250 197
260 208
273 217
288 222
304 222
319 216
331 208
341 197
348 184
353 170
356 155
359 141
257 109
264 101
276 98
287 99
298 105
314 108
326 106
337 108
348 114
352 125
304 119
303 128
302 137
301 146
285 153
292 156
298 159
305 158
312 157
267 121
274 119
281 120
287 123
280 124
273 123
319 129
327 127
334 129
339 133
332 133
325 131
269 174
279 169
289 167
296 170
303 169
311 174
319 182
309 188
300 189
293 189
285 187
277 182
273 175
288 173
295 175
302 175
315 181
301 181
294 181
287 179
269 70
280 66
296 69
315 72
342 77
353 88
361 118
255 90
264 76
244 119
360 139
356 97
335 77
