254 126
253 141
252 156
252 172
255 187
262 200
273 212
285 220
300 225
316 225
331 220
343 212
353 201
360 188
365 174
369 160
372 145
270 113
278 105
289 103
301 104
311 110
328 113
339 111
351 113
361 119
366 130
318 124
317 133
316 142
314 152
299 158
305 161
311 164
318 163
325 162
280 125
287 123
294 124
300 128
293 128
286 127
332 133
340 131
347 133
352 138
345 138
338 136
283 179
293 174
303 172
309 175
315 174
323 179
330 187
321 191
312 192
306 192
299 190
290 186
287 179
301 178
308 180
314 180
327 186
314 185
307 184
300 183
282 74
293 70
310 73
329 77
356 82
366 92
374 123
268 93
277 80
257 123
372 144
370 102
349 82
