290 113
288 130
286 147
285 164
287 181
294 197
304 210
316 221
333 226
351 226
366 220
380 211
392 199
400 186
406 171
411 155
415 140
305 102
313 93
325 91
338 93
349 99
368 103
381 101
394 104
405 110
409 123
356 115
354 125
353 135
351 145
334 151
340 154
347 158
355 157
362 156
315 113
323 110
331 111
337 117
329 117
321 116
371 124
380 121
388 123
394 128
387 129
379 127
314 171
325 167
336 166
344 169
352 169
361 173
369 182
358 189
348 191
339 191
331 188
322 182
317 172
335 172
343 174
351 175
365 181
349 183
341 183
333 181
320 58
332 55
350 59
371 63
401 69
412 80
420 112
304 78
315 64
292 108
417 134
416 90
393 69
