250 117
249 134
248 150
248 166
251 182
258 197
269 209
282 218
298 223
315 223
330 218
343 209
353 197
360 183
366 169
370 154
373 138
265 103
273 95
285 92
298 94
309 99
327 104
340 102
352 104
363 110
368 122
316 115
315 124
314 134
312 144
296 151
303 153
309 157
317 156
324 155
276 115
283 111
291 112
298 118
290 118
282 117
332 124
340 121
348 123
354 128
347 129
339 127
279 173
290 167
300 165
307 168
314 168
323 173
331 182
320 188
311 189
304 189
296 187
287 181
283 173
299 172
306 173
313 174
327 181
312 181
305 180
298 178
278 62
290 58
308 61
328 65
357 70
369 81
377 114
263 81
273 67
252 112
375 135
373 92
350 70
