239 116
237 132
236 149
235 165
238 181
244 196
254 209
266 219
282 224
299 224
314 217
327 207
337 196
345 182
350 167
354 153
357 137
251 106
259 97
271 95
283 97
293 102
310 105
322 103
335 105
345 111
350 122
300 116
299 125
297 135
296 145
280 151
286 154
293 157
300 156
307 155
262 116
269 113
276 114
282 119
275 119
268 118
315 124
323 121
331 123
336 128
330 128
322 127
261 170
272 165
283 165
290 167
298 167
308 171
316 178
306 188
295 191
287 191
279 189
269 182
264 171
282 170
289 172
297 172
313 178
296 183
288 183
280 181
265 64
276 61
292 64
312 67
341 72
351 81
360 112
250 83
260 70
240 112
358 132
355 91
333 72
