276 108
273 125
272 142
271 159
273 176
280 191
291 203
304 213
321 218
339 219
355 213
369 205
380 193
387 179
393 164
397 149
401 134
290 95
299 85
311 83
324 85
335 91
354 95
367 94
380 96
391 104
395 116
343 106
341 115
340 125
338 135
320 142
327 145
334 149
342 148
349 148
301 106
308 102
316 104
323 109
315 109
307 108
358 116
367 114
375 116
381 122
373 121
366 119
301 164
312 159
324 158
331 160
339 160
348 166
357 175
345 180
335 181
326 180
319 178
309 173
304 165
322 164
330 166
338 166
353 174
337 173
328 172
321 170
305 52
318 49
335 52
357 56
386 63
398 75
405 108
289 72
300 58
277 104
403 131
401 86
379 63
