228 114
227 129
227 144
227 160
230 175
236 188
246 199
259 208
274 212
290 212
305 207
317 198
326 187
333 174
337 160
341 146
343 131
240 103
248 95
259 92
271 94
281 99
299 103
310 100
322 101
332 107
338 118
289 112
288 122
287 131
286 140
270 146
277 149
283 152
291 151
297 150
251 113
257 110
265 111
271 116
264 116
256 115
304 121
312 118
319 119
325 124
318 124
311 123
254 165
264 161
274 160
281 162
288 162
297 165
306 172
295 179
286 180
278 180
271 178
262 173
257 166
273 165
281 167
288 167
302 172
287 173
280 173
272 171
252 63
263 60
279 63
299 66
326 70
337 79
346 108
238 81
247 68
228 109
346 127
341 88
319 70
