259 113
257 129
256 146
255 163
258 179
265 194
276 206
289 215
306 220
323 220
339 215
352 206
362 194
369 181
375 166
379 151
383 136
273 100
282 91
294 89
307 91
318 97
336 101
349 99
362 101
373 107
378 119
325 112
324 121
323 131
322 141
304 148
311 151
318 154
326 154
333 153
284 111
291 108
299 109
306 115
298 115
290 114
341 121
350 118
358 119
364 125
356 125
348 124
286 169
297 165
308 164
315 166
323 166
332 170
340 178
329 184
319 185
311 184
304 182
294 177
290 170
307 170
314 171
322 172
336 177
321 177
313 177
306 175
287 56
299 53
317 57
338 61
368 66
379 77
387 109
271 76
281 63
259 107
386 131
383 88
360 67
