238 115
236 131
236 146
236 161
238 176
245 189
255 200
268 209
284 212
300 212
315 207
327 199
337 188
343 175
347 161
351 147
353 133
250 104
258 96
269 93
281 94
291 99
308 102
320 100
332 102
343 108
347 119
299 112
298 122
297 131
296 141
280 146
287 149
293 152
300 151
307 150
260 113
267 110
275 111
281 116
274 116
266 115
314 121
322 118
329 119
334 124
328 124
321 123
263 165
274 161
284 160
291 163
298 162
307 166
316 172
305 177
296 178
288 178
281 176
272 172
266 166
283 166
290 167
298 167
312 171
297 172
289 171
282 170
262 63
273 60
289 63
309 66
337 70
348 79
356 109
248 82
257 69
238 110
355 128
352 89
330 71
