279 110
277 126
276 142
275 159
278 175
286 190
297 202
310 212
327 217
345 218
361 213
374 204
385 192
393 178
398 163
402 148
405 133
294 94
303 85
315 82
328 84
339 90
358 95
371 93
384 96
395 103
400 115
347 106
345 115
344 124
342 134
325 142
332 145
339 148
347 148
354 147
305 106
312 103
320 104
327 109
319 109
311 108
363 116
372 114
380 116
386 122
378 122
370 119
306 164
318 159
329 158
337 160
344 160
353 165
362 174
351 180
340 180
333 179
325 177
315 172
310 165
328 164
336 166
343 167
358 174
342 172
335 171
327 169
308 52
320 48
338 51
360 55
390 62
401 74
409 108
292 72
303 58
280 105
408 131
405 85
382 62
