250 124
248 139
247 154
247 170
250 185
256 198
266 209
279 218
294 222
310 222
325 217
337 209
347 198
354 185
359 171
363 157
366 143
265 112
272 104
283 101
295 103
305 108
320 112
332 109
344 111
354 117
358 128
311 122
310 131
309 140
308 150
292 156
298 159
305 162
312 161
319 160
275 123
281 121
288 122
294 126
288 126
280 126
325 131
333 129
340 131
345 135
338 135
331 133
277 177
287 173
296 171
302 174
309 173
316 177
324 184
314 188
306 188
299 187
293 186
285 182
281 177
295 177
302 178
308 179
320 183
307 181
301 181
294 179
276 73
287 69
304 73
323 76
349 80
360 90
367 121
262 92
272 79
252 121
366 141
363 100
342 81
