242 112
241 127
239 142
240 156
243 171
250 183
261 193
273 201
288 205
304 206
318 201
330 193
340 182
347 170
351 157
354 143
357 129
257 100
264 92
275 90
287 92
297 96
313 100
324 98
336 99
346 105
350 115
303 110
302 118
301 127
300 135
285 142
292 145
298 148
305 147
311 146
266 110
273 107
280 108
287 113
279 113
272 112
317 118
325 115
332 116
338 121
331 121
324 120
269 160
279 157
289 156
296 158
302 157
311 161
319 167
309 171
300 172
293 172
286 170
277 166
272 160
288 161
295 162
302 163
315 167
301 166
294 165
287 164
267 62
278 59
295 62
314 65
341 69
351 78
359 107
254 80
263 67
244 107
358 126
355 88
334 69
