228 114
226 129
226 144
226 159
229 174
236 187
246 198
258 207
274 211
290 211
304 206
316 197
326 186
332 173
337 159
340 145
343 130
240 102
248 94
259 91
270 93
281 98
298 101
309 99
321 100
332 106
337 116
288 111
287 120
286 129
285 138
270 145
276 147
283 150
290 149
297 148
250 112
257 109
264 110
271 115
263 115
256 114
303 119
311 117
318 118
324 123
318 123
310 122
253 164
264 160
274 158
281 160
288 160
297 164
305 171
295 177
285 179
278 179
270 177
262 172
257 165
273 164
280 165
287 165
302 170
287 171
279 171
272 169
251 62
262 59
279 62
298 65
326 69
337 78
346 107
238 81
247 68
228 109
345 127
341 87
319 69
