301 114
298 131
296 148
296 165
298 182
306 197
317 210
330 220
347 225
365 226
382 221
396 212
408 200
416 186
422 172
426 156
430 141
318 99
327 90
340 87
353 89
364 95
383 100
396 98
409 101
420 108
424 121
371 112
370 121
369 131
367 141
348 148
356 152
363 155
371 155
378 154
329 112
336 108
345 110
351 116
343 115
335 114
387 123
396 120
404 122
410 128
402 128
394 126
327 170
339 165
352 164
359 166
367 166
377 171
385 181
374 187
363 189
355 188
346 185
336 180
331 171
350 170
358 172
366 173
381 180
365 180
357 179
349 177
334 56
346 52
365 55
386 60
415 67
426 79
434 114
317 77
328 62
303 109
431 137
430 90
408 66
