285 111
282 127
281 143
280 160
283 176
290 191
301 203
314 213
331 218
349 219
365 214
379 205
390 194
398 180
403 165
407 150
410 134
300 95
309 86
321 83
333 85
344 90
363 95
376 93
389 95
400 103
405 115
352 106
350 115
349 124
348 134
330 142
337 145
344 148
352 148
359 147
310 107
318 103
326 105
332 110
324 110
317 109
368 117
377 114
385 116
391 122
383 122
375 120
310 164
322 158
333 157
341 160
349 159
359 165
368 174
356 180
345 181
337 181
329 178
319 173
314 164
332 163
340 165
348 166
364 173
347 173
339 173
331 171
314 52
327 48
344 51
365 55
395 62
406 74
414 108
298 73
309 59
286 105
413 131
410 85
387 62
