235 145
236 160
237 175
240 190
244 204
252 216
264 226
277 232
292 234
307 232
319 224
329 214
336 202
340 188
342 175
344 161
344 147
246 135
254 127
265 125
276 127
287 131
301 131
311 127
322 126
332 129
338 137
294 140
295 149
295 158
295 167
281 174
287 176
294 178
301 177
307 175
257 143
264 140
271 140
277 144
271 145
263 145
308 145
315 141
322 141
328 145
322 146
315 146
268 195
278 190
287 187
293 189
300 187
308 190
316 195
308 202
300 205
293 205
286 205
277 202
272 195
287 194
293 194
300 194
312 195
300 197
293 197
286 197
251 96
262 93
279 95
297 96
322 94
333 100
343 125
241 114
248 102
235 140
345 143
337 108
316 96
