247 141
246 156
247 172
248 187
253 202
261 215
272 225
285 233
300 236
314 235
327 228
337 218
345 206
351 193
354 179
357 165
358 150
259 132
268 126
279 124
290 127
300 131
315 133
325 130
336 130
346 133
352 141
307 142
307 151
307 160
307 169
291 175
298 178
305 180
311 179
318 177
270 142
277 139
284 140
290 144
283 145
276 144
321 147
328 144
335 144
341 148
335 149
328 149
277 195
287 191
297 189
303 191
310 190
318 193
325 199
317 206
309 209
302 209
295 208
286 203
281 196
296 195
303 196
309 196
322 199
309 200
302 201
296 199
267 93
278 91
295 95
313 97
338 97
349 104
358 130
256 110
263 99
247 136
359 147
353 112
332 99
