233 147
234 162
236 178
239 192
245 206
254 218
266 228
281 234
296 236
311 233
324 225
333 214
340 201
344 187
345 172
346 158
346 143
243 136
250 128
261 126
273 127
284 130
299 130
310 126
321 124
332 126
339 134
293 140
293 149
294 158
295 167
281 175
288 177
295 179
301 177
307 175
255 145
261 141
269 141
276 145
269 146
261 146
308 144
314 140
322 139
328 143
322 145
315 145
268 196
278 191
288 188
294 190
301 188
311 190
319 194
311 202
303 206
295 207
288 207
278 203
272 196
288 194
295 195
302 194
316 195
302 198
295 199
288 199
246 96
257 93
274 94
293 94
319 91
331 97
344 122
237 115
243 102
232 142
346 139
336 105
313 94
