236 146
237 162
239 176
241 191
246 205
254 217
266 227
279 234
295 236
309 234
321 226
331 215
338 202
342 189
344 174
346 160
345 146
246 137
254 129
265 128
276 129
286 133
301 132
311 129
322 127
332 129
339 137
294 142
295 151
295 160
296 169
281 176
288 178
295 180
301 178
307 176
257 145
264 142
271 142
278 146
271 147
264 147
308 146
315 142
322 142
328 145
323 147
316 147
269 197
279 192
288 189
294 191
301 189
310 192
317 197
310 205
302 208
294 209
287 209
278 205
273 197
288 195
294 196
301 195
314 197
301 200
294 201
288 200
251 98
261 94
278 97
296 97
321 95
332 101
344 125
241 115
248 103
235 141
346 142
337 108
315 97
