242 142
242 157
243 172
245 186
249 201
257 213
267 224
280 232
295 235
310 234
323 227
334 217
342 205
347 192
351 178
353 164
354 149
252 132
261 126
272 125
283 127
293 131
309 133
320 130
331 129
341 132
348 139
301 142
301 151
300 160
300 170
286 176
292 178
299 180
305 179
312 177
263 142
270 139
278 140
284 145
277 145
269 145
315 147
323 143
330 143
336 147
330 149
323 148
273 195
282 191
291 189
298 191
304 189
313 192
321 197
312 205
304 208
297 208
290 207
281 203
277 195
291 194
298 195
304 195
317 198
304 199
297 200
291 198
260 93
271 91
288 95
307 97
333 96
344 102
355 127
249 111
257 99
242 136
356 144
349 110
326 98
