237 146
238 161
240 176
242 191
247 204
256 217
267 226
281 233
296 235
310 233
322 225
332 214
339 202
343 188
345 174
346 160
347 145
248 137
255 129
266 127
277 129
287 132
301 132
312 128
322 127
333 129
339 137
295 142
296 150
296 159
297 168
283 176
289 177
296 179
302 177
308 175
259 146
265 143
272 143
279 146
272 147
265 148
309 146
316 143
323 143
329 145
323 147
316 147
270 196
279 191
289 188
295 190
302 188
310 191
318 196
311 204
302 207
295 208
288 207
279 204
274 197
289 194
295 195
302 194
315 196
302 199
295 200
289 199
252 99
263 95
279 97
297 97
322 95
333 101
345 125
243 116
249 104
237 143
347 143
337 109
315 97
