245 142
245 158
246 173
247 187
252 202
260 214
270 225
283 232
298 235
313 234
326 227
337 218
345 206
350 192
353 178
355 164
357 150
256 134
264 127
276 126
287 128
297 133
312 134
323 131
334 130
344 133
351 141
304 143
304 152
304 161
304 171
289 177
296 179
302 182
309 180
315 179
267 144
274 141
281 142
288 146
280 147
273 146
319 148
326 145
333 145
340 149
333 150
326 150
276 197
286 193
295 190
301 192
308 191
316 194
324 200
315 206
307 208
300 208
293 207
285 203
280 197
294 197
301 197
307 197
320 200
307 199
301 200
294 198
264 95
275 92
291 96
310 98
336 97
347 104
357 129
253 112
260 100
245 137
358 146
351 112
329 100
