226 153
229 168
232 183
236 198
243 211
254 222
267 231
282 237
298 237
313 233
323 224
331 211
337 197
340 183
340 168
340 153
338 138
236 141
243 132
254 129
266 129
277 132
293 130
302 125
313 122
324 123
331 130
287 140
289 149
290 157
292 167
278 176
285 177
293 179
299 176
305 174
249 147
255 143
262 142
270 146
263 148
255 148
302 142
308 137
315 136
322 139
316 142
309 142
266 199
276 193
286 189
293 190
300 187
309 189
318 193
311 202
303 207
295 209
288 209
277 206
270 199
286 195
294 195
301 193
314 194
301 199
294 200
287 201
235 101
246 96
263 96
283 94
308 89
319 93
334 117
228 120
233 107
224 147
338 134
325 101
302 92
