245 143
244 158
245 173
247 188
251 203
260 215
270 226
284 233
299 236
314 235
327 228
337 218
345 206
350 193
353 179
356 164
357 150
256 134
264 128
275 127
287 129
297 134
312 135
323 132
334 130
344 133
351 141
305 144
304 153
304 162
304 171
289 178
296 180
303 182
309 181
316 179
267 144
273 142
281 142
287 147
280 147
273 147
319 149
326 145
334 145
340 149
334 151
326 150
277 198
286 194
295 191
302 193
308 192
316 195
324 200
316 207
308 209
301 209
294 208
285 205
280 198
295 198
301 199
308 199
321 201
308 200
301 201
294 199
263 95
274 93
291 97
310 98
335 97
347 104
357 129
252 113
259 101
244 138
358 146
351 112
329 100
