241 146
242 161
245 175
248 189
253 203
262 215
273 224
287 231
302 233
317 230
329 222
339 211
345 199
349 185
351 171
352 157
352 143
250 136
258 129
269 126
280 127
291 130
307 130
317 126
328 124
338 126
345 134
300 140
300 149
301 158
302 167
288 175
295 176
302 178
308 176
314 174
262 144
269 140
276 140
283 144
276 146
269 146
314 144
321 139
328 139
335 142
329 144
322 144
276 194
285 190
295 187
302 189
308 187
317 189
325 192
317 201
309 205
302 206
295 206
285 202
279 194
295 193
302 193
308 192
322 193
308 197
302 198
295 197
254 96
265 93
282 95
301 95
326 92
338 97
351 121
245 115
251 102
240 140
353 137
343 105
320 94
