236 144
236 159
238 174
240 188
244 202
252 214
264 224
277 231
292 233
307 231
319 224
329 214
336 202
341 188
343 174
345 161
345 146
246 134
253 127
264 125
276 127
286 131
301 131
311 127
322 126
332 129
339 136
294 140
294 149
295 157
295 167
281 174
287 176
294 178
301 176
307 174
257 143
263 140
271 140
277 144
270 145
263 145
308 145
315 141
322 141
328 145
323 146
316 146
268 194
277 189
287 187
293 188
300 187
308 189
316 194
308 201
300 203
293 204
286 203
277 200
271 194
286 193
293 193
300 192
313 194
300 196
293 196
286 196
251 96
262 93
279 95
297 96
322 94
333 101
344 125
241 114
248 102
235 139
346 142
338 109
316 97
