240 140
241 156
242 170
244 185
248 199
256 212
267 222
280 230
295 232
310 231
323 224
333 214
341 202
345 189
348 175
351 161
352 147
251 132
259 125
271 123
282 125
293 129
308 130
319 127
330 126
340 129
346 137
300 140
300 149
300 158
300 168
286 174
292 176
299 178
305 177
311 175
263 141
269 138
277 138
284 143
276 144
269 144
314 145
322 141
329 141
335 145
329 147
322 146
273 193
282 189
291 187
298 189
304 188
312 190
320 195
312 202
304 205
297 205
290 204
281 201
276 194
291 193
298 194
304 193
316 195
304 197
297 197
291 196
258 93
269 90
286 93
305 95
331 94
342 100
353 125
247 110
255 98
240 135
354 142
347 108
325 96
