248 141
248 156
248 172
249 187
253 201
261 214
272 225
285 233
300 236
315 234
328 228
338 218
346 206
351 193
355 179
357 165
359 151
260 132
269 125
280 125
291 127
302 132
316 134
327 131
338 131
348 133
354 142
309 142
308 151
308 160
308 170
292 176
299 178
306 181
312 180
319 178
271 142
278 139
285 140
291 145
284 145
277 144
322 148
330 144
337 145
343 149
337 150
330 149
278 195
288 191
298 189
304 191
311 190
319 194
327 199
318 206
310 208
303 208
296 207
287 203
282 195
297 195
304 196
310 196
323 199
310 200
303 200
296 199
268 93
280 91
296 95
315 97
340 97
351 104
360 130
257 110
265 98
248 134
360 147
354 113
334 99
