235 145
235 161
237 175
239 190
243 204
252 216
263 226
277 233
292 235
307 233
319 225
329 215
336 202
340 188
343 174
344 160
344 146
245 136
252 129
263 127
274 129
285 132
300 132
310 128
320 127
331 129
338 137
293 142
293 150
293 159
294 169
279 176
286 178
293 180
299 178
305 176
256 145
262 142
269 142
276 146
269 147
262 147
307 146
314 142
321 142
327 145
321 147
314 147
267 197
276 192
286 189
292 190
299 189
307 191
315 196
307 204
299 207
292 208
285 207
276 204
271 197
285 195
292 196
299 195
312 197
299 199
292 199
285 199
250 97
260 94
277 96
295 97
321 94
332 100
343 124
240 115
247 103
234 141
345 142
336 108
314 97
