242 140
241 155
242 170
244 185
248 199
256 212
266 223
279 231
294 234
310 233
323 226
333 215
341 203
346 190
349 176
352 161
353 147
252 132
260 125
271 123
282 126
293 130
308 131
318 128
329 128
340 130
346 138
300 140
300 150
299 159
299 169
285 175
291 177
298 179
305 178
311 176
263 141
270 138
277 138
284 143
276 144
269 143
314 145
322 141
329 142
335 145
329 147
321 146
272 194
281 190
290 188
297 190
303 189
312 192
320 196
311 203
303 206
296 207
289 206
280 201
276 194
290 194
297 195
303 195
316 197
303 198
297 198
290 197
259 92
270 90
287 94
306 95
332 94
343 100
354 125
248 110
256 98
241 134
355 142
348 109
325 97
