233 146
235 162
237 177
240 191
245 206
254 218
266 227
281 234
296 235
312 232
324 224
333 213
340 200
344 186
345 171
346 157
346 142
242 136
250 128
261 125
273 126
284 130
300 129
310 125
321 123
332 126
339 133
293 139
294 148
294 157
295 166
281 174
288 176
295 178
301 176
308 174
255 144
261 140
269 140
276 144
269 145
261 145
308 143
314 138
322 138
328 142
322 144
315 144
268 195
278 190
288 187
295 189
302 187
311 189
319 193
311 201
303 205
295 206
288 206
278 203
272 195
288 193
295 194
302 193
316 194
302 197
295 198
288 198
246 96
257 92
274 94
293 93
319 90
331 96
344 121
237 114
243 101
232 141
346 138
336 104
313 93
