240 141
240 156
241 171
243 186
247 200
255 212
266 223
279 230
294 233
310 232
322 225
333 215
341 203
345 189
349 175
351 161
352 147
251 132
259 125
270 124
281 126
292 130
307 131
318 128
329 127
339 130
346 138
299 140
299 149
299 159
299 168
285 175
291 177
298 179
304 177
311 176
262 141
268 138
276 139
283 143
275 144
268 144
314 145
321 141
328 142
334 145
328 147
321 146
272 194
281 190
290 188
297 190
303 188
312 191
320 196
311 202
303 205
296 206
289 205
280 201
275 194
290 194
297 195
303 194
316 196
303 197
297 197
290 196
257 93
268 90
285 94
304 96
330 94
342 100
352 125
247 110
254 98
239 135
353 142
346 109
324 97
