241 140
241 155
242 170
243 184
247 198
254 211
264 221
276 229
291 232
307 231
320 225
331 216
340 205
345 191
348 177
351 163
352 149
251 130
259 124
270 122
281 124
291 128
307 130
318 127
329 127
340 130
346 138
299 139
298 148
298 157
297 166
283 173
289 175
296 177
303 176
309 175
262 140
268 137
276 137
283 142
275 143
267 142
314 145
321 141
328 141
335 145
328 147
321 146
271 193
280 188
289 186
295 188
301 187
310 190
318 196
309 202
301 205
294 205
287 204
278 200
274 193
288 192
295 193
301 193
314 196
301 196
295 197
288 195
259 92
270 89
286 93
305 94
332 94
343 101
354 126
248 109
255 97
241 135
355 144
348 109
325 96
