242 140
241 155
242 170
244 185
247 199
254 212
265 222
277 231
292 234
308 233
321 226
332 216
340 205
345 191
349 177
352 163
353 148
252 130
260 123
271 122
282 124
292 128
308 130
318 127
329 127
340 130
346 138
299 139
299 148
298 156
298 166
284 173
290 175
297 177
303 176
310 174
262 139
269 136
276 136
283 141
276 142
268 141
314 144
321 140
329 141
335 145
328 146
321 145
271 193
280 188
289 186
296 188
302 187
310 190
318 196
310 203
301 206
294 206
287 205
279 201
275 193
289 192
295 193
302 193
315 196
302 197
295 197
288 196
259 91
270 89
287 92
306 94
332 94
344 101
354 126
249 108
256 96
241 134
355 144
348 109
325 96
