242 141
242 156
243 171
245 186
249 200
256 213
267 224
279 233
294 235
310 234
323 227
333 217
342 205
347 191
350 177
353 163
354 148
252 132
260 125
271 124
282 126
293 130
308 132
319 129
330 128
341 131
347 139
300 141
300 150
300 159
299 169
285 175
291 177
298 179
305 178
311 176
263 141
270 138
277 138
284 143
276 144
269 143
315 145
322 141
330 142
336 146
330 147
322 147
272 195
281 191
291 189
297 191
304 189
312 192
320 197
312 205
303 208
296 208
289 207
280 203
276 195
290 195
297 195
303 195
316 198
303 199
297 200
290 199
260 92
271 90
287 93
306 95
333 94
344 101
355 126
249 110
256 98
242 135
356 143
349 109
326 97
