236 143
236 158
238 173
240 188
244 202
253 214
264 224
278 231
293 232
308 230
320 223
330 213
337 201
341 187
344 173
345 159
345 145
246 133
254 126
265 124
276 126
287 130
302 130
312 127
323 125
333 128
340 135
295 139
295 148
296 157
296 166
281 173
288 175
295 177
301 176
307 174
257 142
264 139
271 139
278 143
271 144
263 144
309 144
316 140
323 140
329 143
324 145
316 145
268 194
278 189
287 187
294 188
301 187
309 190
317 195
309 201
301 203
294 204
287 203
278 200
272 194
287 193
294 194
301 193
313 195
301 195
294 196
287 195
251 95
262 91
279 94
298 95
323 93
334 99
345 124
241 113
248 100
235 139
347 142
338 107
317 95
