245 143
245 158
246 174
248 189
252 203
260 216
271 226
284 234
299 237
315 235
327 228
338 218
346 206
351 192
354 178
356 164
357 150
256 135
265 128
276 127
287 129
298 133
312 134
323 131
333 131
344 133
351 141
305 144
305 153
305 162
305 171
290 178
296 180
303 182
310 181
316 179
267 145
274 142
281 142
288 147
281 147
273 147
319 149
326 145
334 145
340 149
334 151
326 150
277 198
286 194
296 192
302 194
309 192
317 195
325 200
316 206
308 209
301 210
294 209
286 205
281 198
295 198
302 199
308 198
321 200
308 200
302 201
295 200
263 96
274 93
291 97
310 99
335 97
346 104
357 129
253 113
260 101
245 138
358 146
351 112
329 100
