238 144
239 159
241 174
243 189
248 202
256 214
268 224
281 230
297 232
311 230
323 222
333 212
340 199
344 185
346 171
347 157
347 143
247 134
254 127
265 125
277 126
287 130
303 129
313 125
324 124
334 126
341 134
296 139
296 148
297 157
297 166
283 173
290 175
296 177
303 175
309 173
258 143
265 139
272 139
279 143
272 145
264 145
310 143
317 139
324 139
330 142
325 144
318 144
271 194
280 189
289 186
296 188
303 186
311 189
320 193
312 200
303 203
296 204
289 204
280 201
274 194
289 192
296 193
303 192
316 193
303 195
296 196
289 196
252 95
262 92
279 94
297 94
323 92
334 98
346 122
242 113
248 101
236 139
348 139
339 105
317 94
