245 142
245 157
245 172
247 187
251 202
259 214
270 224
283 232
298 235
313 233
326 227
336 217
344 206
349 192
353 179
355 165
356 150
256 134
265 127
276 126
287 128
298 133
312 134
323 131
334 130
344 133
351 141
305 143
304 152
304 161
304 171
289 177
296 179
302 181
309 180
315 179
267 144
274 141
281 141
288 146
280 147
273 146
319 148
326 145
333 145
340 149
333 150
326 150
276 197
285 193
295 190
301 192
307 191
316 194
323 200
315 206
307 208
300 208
293 207
284 203
280 197
294 197
301 198
307 197
320 200
307 199
300 199
294 198
264 95
275 92
292 96
310 98
336 97
347 104
357 129
253 112
260 100
245 137
358 147
351 113
329 100
