240 142
240 157
241 171
243 186
248 200
256 212
267 222
280 229
295 231
310 230
322 223
332 213
340 201
344 188
347 174
349 161
350 147
252 132
260 125
271 123
282 124
293 128
309 129
319 126
329 126
340 128
346 137
301 139
301 148
301 157
301 166
287 173
293 175
300 177
306 176
312 174
263 141
270 138
277 139
284 143
277 144
269 144
315 144
322 141
329 141
335 145
329 146
322 146
274 193
283 189
292 186
299 188
305 187
313 190
320 195
312 201
304 204
298 204
291 203
282 200
277 193
292 192
299 193
305 193
317 195
305 196
298 196
292 195
258 93
270 90
286 93
305 94
330 94
340 100
351 125
247 111
255 99
239 137
352 143
345 109
324 96
