241 141
241 156
242 171
244 186
248 200
256 212
267 223
280 231
296 233
311 232
323 224
333 214
341 202
345 189
348 175
351 161
352 147
252 132
260 125
271 123
283 125
293 129
309 130
319 127
330 126
340 129
347 137
301 140
301 149
301 158
301 167
286 174
293 176
299 178
306 177
312 175
263 141
270 138
277 138
284 143
277 144
269 144
315 145
322 141
329 141
335 145
329 147
322 146
273 194
283 190
292 187
299 189
305 188
313 191
321 196
313 203
304 206
298 206
291 205
282 201
277 194
292 193
298 194
305 194
317 196
305 197
298 198
291 197
259 93
270 90
287 93
306 95
331 94
342 100
353 125
248 110
255 98
240 136
354 142
347 108
325 96
