231 147
232 162
235 177
238 192
243 206
252 219
265 228
279 236
295 237
310 234
322 225
331 214
338 201
341 186
343 171
344 157
343 142
241 136
248 128
259 126
271 126
282 130
297 129
308 125
318 124
329 125
336 133
291 139
292 148
292 157
293 167
279 175
286 176
293 178
300 176
306 174
253 144
259 140
267 140
274 144
267 145
259 146
306 143
312 139
320 138
326 142
320 144
313 144
266 196
276 191
286 188
293 189
300 188
309 190
318 194
310 203
301 207
294 208
286 208
276 204
270 196
286 194
293 194
300 194
314 195
300 199
293 200
286 200
244 96
255 92
272 94
291 94
316 90
328 96
341 121
235 115
241 102
230 141
344 138
333 104
310 93
