233 145
234 160
236 176
239 191
244 205
253 217
266 227
280 234
295 235
311 232
323 224
332 213
339 200
343 185
345 171
345 156
345 142
242 135
250 127
261 125
273 126
284 130
299 129
309 125
320 123
331 125
338 133
292 139
293 148
294 156
295 166
280 174
287 176
294 177
301 175
307 173
254 143
261 140
268 139
275 144
268 145
261 145
307 143
314 138
321 138
328 141
322 143
315 143
267 195
277 190
287 187
294 189
301 187
310 189
319 193
311 202
302 206
295 207
287 207
277 203
271 195
287 193
294 194
301 193
315 194
301 198
294 199
287 198
246 95
257 91
274 93
293 93
319 90
330 95
343 120
237 114
243 101
231 140
346 137
335 103
312 93
