237 145
238 160
240 175
242 189
247 203
256 215
267 225
281 232
296 233
311 231
323 223
333 213
340 200
344 186
346 172
347 158
347 144
247 135
255 128
265 126
277 127
287 131
302 130
313 126
323 125
334 127
340 135
295 140
296 149
297 158
297 167
283 175
290 176
296 178
303 176
309 175
258 144
265 140
272 140
279 144
272 146
265 146
310 144
317 140
324 140
330 143
324 145
317 145
271 195
280 190
289 188
296 189
302 187
311 190
319 194
311 201
303 204
296 205
289 205
280 202
274 195
289 194
296 194
302 193
315 195
303 196
296 197
289 197
252 97
262 93
279 95
297 95
322 93
334 99
345 123
242 115
249 102
236 140
348 140
338 107
316 95
