240 144
241 159
243 174
246 188
251 202
260 214
271 223
285 230
301 232
316 229
328 221
337 210
344 198
348 184
349 170
350 157
350 142
250 135
257 127
268 125
280 126
291 130
306 129
317 125
327 124
338 125
345 133
299 139
300 148
301 157
301 166
287 174
294 175
301 177
307 175
313 173
262 143
268 140
276 139
283 144
275 145
268 145
314 143
320 138
328 138
334 141
328 144
321 144
274 193
284 189
294 186
301 188
307 186
316 188
324 191
316 200
308 204
301 205
294 204
284 201
278 193
294 192
301 192
307 192
321 192
307 196
301 197
294 196
253 96
264 92
281 94
300 94
326 91
338 97
350 120
244 114
250 101
238 139
352 137
343 104
320 94
