234 148
235 163
238 178
240 193
246 207
255 218
267 228
282 234
297 235
312 233
324 224
334 214
341 201
344 187
346 172
347 158
346 144
244 137
251 129
262 127
274 128
285 131
300 130
311 126
322 125
332 127
339 135
294 140
295 149
295 158
296 168
282 176
289 177
296 179
302 177
308 175
256 145
262 141
270 141
277 145
270 147
262 147
308 145
315 140
323 140
329 143
323 145
316 145
269 196
279 191
289 189
296 190
302 188
312 190
320 194
312 202
304 206
296 207
289 207
279 203
273 196
289 195
296 195
303 194
317 195
303 198
296 199
289 198
247 97
258 94
275 95
294 95
320 92
331 98
344 122
238 116
244 103
233 142
347 139
336 106
313 95
