238 147
239 162
242 177
245 191
250 205
259 216
271 226
284 233
300 234
315 232
327 223
336 213
343 200
347 186
349 172
349 158
349 143
248 137
255 129
266 127
277 128
288 131
304 131
314 127
325 125
335 127
342 135
297 141
297 150
298 159
299 168
285 176
292 177
299 179
305 177
311 175
260 145
266 141
274 141
281 145
273 146
266 147
311 145
318 140
325 139
332 143
326 145
319 145
274 195
283 191
292 188
299 190
305 188
314 190
323 194
315 202
306 206
300 207
292 207
283 203
277 196
292 194
299 195
305 194
319 194
306 198
299 199
292 198
251 97
261 94
278 96
297 96
323 92
335 98
348 122
242 115
248 103
237 141
350 138
340 106
317 95
