233 145
233 160
235 175
237 189
242 203
250 215
261 225
275 231
290 233
305 231
317 224
327 214
334 201
338 188
340 174
342 160
342 146
243 135
250 127
261 126
272 127
283 131
298 131
308 128
319 126
329 128
336 136
291 140
291 149
292 158
292 167
278 175
285 176
291 178
298 177
304 175
254 144
260 141
267 141
274 145
267 146
260 146
305 145
312 141
319 141
325 144
320 146
312 146
266 196
275 190
284 187
291 189
297 187
305 190
313 195
305 202
297 205
291 206
284 205
275 202
269 196
284 194
291 194
297 194
309 196
297 197
291 197
284 197
248 96
258 93
275 95
293 96
318 94
329 100
341 125
238 114
245 102
232 140
343 142
334 108
312 96
