250 141
249 157
249 173
250 188
254 203
263 215
274 226
287 234
302 237
317 235
329 228
339 218
347 207
352 194
356 181
358 167
359 153
264 132
273 126
284 125
295 128
305 133
319 135
330 132
340 132
350 135
355 143
312 143
311 152
311 161
311 171
295 176
302 179
308 182
315 180
321 179
274 142
281 140
288 141
294 146
287 146
280 145
324 149
332 146
338 146
344 150
338 151
331 150
280 195
290 191
300 189
307 192
314 190
322 194
329 199
320 206
312 209
305 209
298 208
289 203
283 195
300 195
306 196
313 196
325 199
313 201
306 201
299 200
271 94
283 92
300 96
318 99
342 99
352 106
361 131
260 110
268 99
250 135
360 148
356 114
336 101
