245 140
245 155
245 171
247 186
251 200
259 213
269 224
282 232
297 235
312 234
325 227
335 218
343 206
349 192
352 178
354 164
355 150
257 131
265 124
277 123
288 125
298 130
313 132
324 129
334 129
344 132
350 140
305 140
305 150
304 159
304 169
289 174
295 177
302 179
309 178
315 176
267 140
274 138
281 139
288 143
280 143
273 143
319 146
326 143
333 144
339 148
333 149
326 148
274 193
284 190
294 188
301 190
308 189
316 192
324 197
316 205
307 208
300 208
292 206
283 202
278 194
294 194
301 195
307 195
321 198
307 199
300 199
293 198
265 91
276 89
292 93
311 96
336 96
347 102
356 128
254 108
261 97
245 133
357 145
351 111
330 98
