244 142
244 157
245 172
247 187
250 201
258 213
269 224
281 231
296 234
311 233
324 226
334 217
342 205
348 192
351 179
354 165
355 151
254 133
263 126
274 125
285 127
296 131
311 132
322 129
333 129
343 132
350 140
303 142
303 151
303 160
303 169
288 176
295 178
301 180
308 179
314 177
265 142
272 139
280 140
286 145
279 145
271 145
317 147
325 143
332 143
338 147
332 149
325 149
275 196
285 191
294 189
300 191
306 189
314 193
322 198
314 205
305 207
299 208
292 207
283 203
279 196
293 195
300 196
306 196
318 198
306 199
299 199
293 198
262 94
273 91
290 95
309 96
335 96
346 103
356 128
251 111
259 99
243 137
357 146
350 111
328 98
