236 144
236 159
238 174
240 188
244 202
252 214
264 224
277 231
292 233
307 231
319 223
329 214
337 202
341 188
343 174
345 160
345 146
246 134
254 126
265 124
276 126
286 130
302 130
312 126
323 125
333 128
339 136
295 139
295 148
295 157
296 166
281 173
288 175
295 177
301 176
307 174
257 142
264 139
271 139
278 143
271 144
263 144
309 144
316 140
323 140
329 144
323 145
316 145
268 194
278 189
287 186
294 188
300 186
309 189
317 194
308 200
300 203
293 203
286 203
277 200
272 194
287 192
293 193
300 192
313 194
300 195
293 195
287 195
251 95
262 92
279 94
298 95
322 93
334 100
344 124
241 113
248 101
235 139
346 142
338 108
316 95
