247 141
247 157
247 172
249 187
253 202
261 214
272 225
285 232
300 235
315 234
327 227
337 217
345 206
350 193
354 179
356 166
357 152
260 132
268 126
280 125
291 128
302 133
316 134
327 132
337 131
347 134
353 143
309 143
309 152
308 161
308 171
292 176
299 179
306 181
313 180
319 178
270 142
277 140
285 141
291 145
284 146
276 145
322 148
329 145
337 146
342 150
336 151
329 150
277 194
288 191
298 190
304 192
311 191
319 194
327 199
318 205
310 208
303 208
296 206
287 202
281 195
297 195
304 197
311 196
323 199
310 199
303 199
297 198
267 93
279 92
296 96
314 98
339 98
350 105
359 131
256 110
264 99
247 135
359 148
354 114
333 100
