244 142
244 157
245 172
247 187
251 201
258 213
269 223
282 231
296 233
311 232
324 226
334 216
342 205
348 192
351 178
354 165
355 151
255 133
263 126
274 125
286 127
296 131
312 132
322 129
333 129
343 132
350 140
304 142
303 151
303 160
303 169
288 176
295 178
301 180
308 179
314 177
266 142
273 139
280 140
287 144
279 145
272 145
318 147
325 143
332 143
338 147
332 149
325 148
275 195
284 190
294 188
300 190
307 189
315 192
322 197
314 204
306 206
299 207
292 206
283 202
279 195
293 194
300 195
306 195
319 197
306 198
300 199
293 198
263 94
274 92
290 95
309 97
335 96
346 103
356 128
252 111
259 99
244 136
357 145
350 111
329 98
