241 146
242 161
245 175
248 190
253 203
262 215
274 225
288 232
303 233
318 230
330 222
339 211
346 199
350 185
352 171
352 157
352 142
251 136
258 129
269 126
280 127
291 131
307 130
317 126
328 124
339 126
346 134
300 140
301 149
302 158
302 167
289 175
295 176
302 178
309 176
315 174
263 144
269 140
277 140
284 144
276 146
269 146
315 144
321 139
329 138
335 142
329 144
322 144
276 194
286 190
295 187
302 189
309 187
318 188
326 192
318 201
310 205
303 206
295 205
286 202
279 194
295 193
302 193
309 192
323 193
309 197
302 198
295 197
254 97
265 93
282 95
301 95
326 92
338 97
351 120
245 115
251 102
240 140
353 137
343 105
320 95
