238 142
239 157
240 172
242 187
246 201
255 213
266 223
280 230
295 232
310 230
322 223
331 213
338 201
343 188
345 175
347 161
348 147
251 132
259 125
270 123
282 125
292 129
307 130
317 127
328 126
338 129
344 137
300 140
300 148
300 157
300 166
286 173
292 175
299 177
305 176
311 174
262 142
269 139
276 139
283 143
276 144
268 144
313 145
320 141
327 141
333 145
327 146
320 146
273 194
282 189
292 187
298 188
304 187
312 190
319 195
311 201
304 204
297 205
290 204
281 200
276 194
291 193
298 193
304 193
315 195
304 196
298 196
291 196
257 94
268 91
285 94
304 95
328 94
339 101
349 126
246 112
253 100
238 138
350 144
343 109
322 96
