242 140
242 155
242 169
244 184
247 199
254 211
265 222
277 230
292 233
308 232
321 225
332 216
340 204
345 191
349 177
352 163
353 149
252 130
260 123
271 122
283 124
293 128
309 130
319 127
330 127
341 130
347 138
300 139
300 148
299 157
299 166
285 173
291 175
297 177
304 176
310 175
263 139
270 136
277 137
284 142
276 143
269 142
315 144
322 140
330 141
336 145
329 147
322 146
271 193
280 188
290 186
296 188
303 187
311 190
319 196
310 203
302 206
295 206
288 205
279 200
275 193
289 193
296 194
302 193
315 196
302 197
296 197
289 196
261 91
272 88
288 92
307 94
333 94
345 101
355 126
250 109
257 97
242 134
355 144
349 109
327 96
