235 145
236 160
237 175
239 189
243 203
252 215
263 225
277 232
292 234
307 231
319 224
328 214
336 202
340 189
342 175
344 161
344 147
246 135
254 128
265 126
277 127
287 131
301 131
312 127
322 126
332 129
338 137
295 140
295 149
295 158
296 167
281 175
288 176
294 178
301 177
307 175
257 144
264 140
271 140
278 145
271 145
264 146
308 145
315 141
322 141
328 145
322 146
316 146
268 195
278 190
287 187
293 189
300 187
308 190
316 195
308 201
300 204
293 205
286 204
277 201
271 195
287 194
293 194
300 193
312 195
300 196
293 197
286 196
252 96
263 93
279 95
298 96
322 94
333 101
343 126
242 114
249 102
235 140
345 143
337 109
316 97
