236 144
237 159
238 174
240 189
245 203
253 215
264 225
278 231
293 233
308 231
320 224
330 214
337 202
341 188
344 174
345 160
346 146
247 134
255 126
266 124
277 126
288 130
303 130
313 126
323 125
333 128
340 136
296 139
296 148
296 157
297 166
282 174
289 175
296 177
302 176
308 174
258 143
265 140
272 140
279 144
272 145
265 145
310 144
317 140
324 141
329 144
324 146
317 145
269 195
279 190
288 187
295 188
301 187
309 190
317 195
309 201
301 204
294 205
287 204
278 201
273 195
288 193
294 194
301 193
313 195
301 196
294 197
288 196
253 95
264 92
280 94
299 95
323 93
334 100
345 125
242 113
249 101
235 139
346 142
338 108
317 95
