233 145
233 160
235 175
238 189
242 203
251 215
262 225
276 232
291 234
306 232
318 224
328 214
335 202
339 188
341 174
343 160
343 146
243 135
251 128
262 126
273 128
284 131
299 131
309 128
320 127
330 129
336 137
292 141
292 150
292 158
293 168
279 175
285 177
292 179
298 177
304 176
255 144
261 141
268 141
275 145
268 146
261 146
306 145
313 141
320 141
326 145
320 147
313 147
267 196
276 191
285 188
291 190
298 188
306 191
314 196
306 202
298 205
291 206
285 205
276 202
271 196
285 195
291 195
298 195
310 196
298 197
291 198
285 197
248 97
259 93
276 96
294 96
319 94
331 101
342 125
238 114
245 102
232 141
344 142
335 108
313 97
