246 141
245 157
246 172
247 187
251 202
259 214
270 224
283 232
298 235
313 234
325 228
336 218
344 206
349 193
353 179
355 166
356 152
259 132
267 125
278 124
290 126
300 131
315 133
325 130
336 130
346 133
352 141
307 142
307 151
306 160
306 169
290 175
297 178
304 180
311 179
317 177
269 142
276 139
283 140
289 144
282 145
275 144
321 148
328 144
335 145
341 149
335 150
328 149
276 194
286 190
296 188
302 190
309 189
318 193
325 198
317 205
308 208
301 208
294 207
284 202
279 195
295 195
302 196
309 195
322 198
309 200
302 200
295 198
267 92
278 91
295 95
313 97
338 97
348 104
358 130
255 109
263 98
246 134
358 147
352 112
332 99
