249 141
248 156
249 172
250 187
254 202
262 215
274 225
287 233
302 236
317 235
329 228
339 218
347 207
352 194
355 180
358 167
359 153
263 132
272 126
283 125
294 128
304 133
319 135
329 132
340 132
350 135
355 143
311 143
311 152
311 161
311 171
294 176
301 179
308 182
315 180
321 179
273 142
280 139
287 140
294 145
287 145
279 144
324 148
332 145
339 146
344 150
338 151
331 150
279 194
290 191
300 190
306 192
313 191
321 194
329 199
320 205
312 208
305 208
298 206
288 202
283 195
299 195
306 197
313 196
325 199
312 200
305 200
299 198
270 93
282 91
299 96
318 99
342 98
352 105
361 131
259 110
267 98
250 134
360 148
356 114
336 101
