236 147
237 162
238 177
241 192
246 206
255 218
266 228
280 235
295 237
310 234
322 226
332 215
339 203
343 189
345 174
346 160
346 146
246 137
254 130
265 128
276 129
287 133
301 132
311 129
322 127
332 129
339 137
295 142
295 151
296 160
296 169
282 177
289 179
295 180
302 178
308 177
258 147
264 143
271 143
278 147
271 148
264 148
309 147
316 143
323 143
329 146
323 148
316 148
269 198
278 192
288 189
295 191
302 189
310 192
318 196
311 205
302 209
295 210
288 210
278 206
273 198
288 196
295 196
302 195
315 197
302 201
295 202
288 201
251 99
262 95
278 97
296 97
321 95
332 101
344 125
242 117
248 104
235 143
346 142
337 109
315 97
