243 142
243 158
244 173
246 187
250 202
258 214
269 224
282 232
297 234
312 233
325 226
335 217
343 205
348 192
351 178
354 164
355 150
255 133
263 126
274 125
285 127
296 132
311 133
322 130
332 129
343 132
349 140
303 142
303 151
303 160
303 169
288 176
295 178
302 180
308 179
314 178
266 143
272 140
280 140
286 145
279 146
271 145
318 147
325 144
332 144
338 148
332 150
325 149
275 196
285 191
294 189
301 191
307 190
315 193
323 199
315 205
306 207
300 208
292 207
284 203
279 196
293 195
300 196
307 196
319 199
307 199
300 199
293 198
262 94
273 92
290 95
308 97
334 97
345 103
355 129
251 111
259 100
243 137
356 146
349 112
327 99
