245 143
245 158
246 173
248 188
252 203
260 215
271 226
284 234
299 236
314 235
327 228
337 218
346 206
351 193
354 179
356 164
357 150
256 135
264 128
276 127
287 129
297 134
312 135
322 132
333 131
344 133
350 141
304 144
304 153
304 162
304 172
289 178
296 180
302 183
309 181
316 180
267 145
274 142
281 143
288 147
280 148
273 147
319 149
326 146
333 146
339 149
333 151
326 151
277 198
286 194
295 191
302 193
308 192
316 195
324 200
316 207
307 209
301 210
294 208
285 205
280 198
295 198
301 199
308 198
320 201
308 200
301 201
294 200
263 96
274 93
291 97
309 99
335 98
346 104
357 129
253 113
260 101
245 138
358 147
350 113
328 100
