238 143
238 158
240 172
242 187
246 201
254 213
265 223
279 230
294 232
309 231
321 224
330 214
338 202
342 189
345 175
347 161
348 147
250 133
258 126
269 124
281 125
291 129
306 130
317 127
327 126
337 129
343 137
299 140
299 149
299 157
299 167
285 174
291 176
298 178
304 176
310 175
261 142
268 139
275 139
282 144
275 145
267 145
312 145
320 141
327 142
333 145
327 147
319 147
272 194
281 190
291 187
297 189
303 187
311 190
318 196
310 202
303 205
296 205
289 205
281 201
276 194
290 193
297 194
303 194
315 196
303 197
297 197
290 196
256 94
267 91
284 94
303 95
327 94
338 101
348 126
245 112
253 100
237 138
349 144
342 109
321 96
