236 148
237 163
239 178
241 192
246 206
255 218
266 228
280 235
295 237
310 235
322 227
331 216
338 203
342 189
345 175
346 161
346 147
246 137
254 130
265 128
276 129
286 133
301 133
311 129
322 128
332 130
339 137
295 143
295 151
296 160
296 169
282 177
289 179
295 181
302 179
308 177
258 146
264 143
271 143
278 147
271 148
264 148
309 147
316 142
323 142
329 146
323 148
316 148
269 198
279 193
288 190
295 191
301 190
310 192
318 197
310 205
302 209
295 210
288 210
278 206
273 198
288 196
295 196
301 196
314 198
302 201
295 202
288 201
251 99
262 95
278 97
296 98
321 95
332 101
344 125
242 117
248 104
235 143
346 143
337 109
315 98
