238 145
238 160
240 175
243 189
247 203
256 215
267 225
280 232
296 233
310 231
323 223
332 213
340 200
344 187
346 172
347 158
347 144
247 135
255 128
266 126
277 127
287 131
302 131
312 127
323 126
333 128
340 135
295 140
295 149
296 158
296 167
282 175
289 176
296 178
302 176
308 175
258 144
265 140
272 140
279 144
272 145
265 146
309 144
316 140
323 140
329 143
324 145
317 145
270 195
280 190
289 188
295 189
302 187
311 190
319 194
311 201
303 205
296 205
289 205
279 202
274 195
289 194
295 194
302 193
315 194
302 196
295 197
289 197
252 97
262 93
279 95
297 96
322 93
334 99
345 123
242 114
249 102
237 140
348 140
338 107
316 96
