237 143
238 158
239 173
241 188
246 202
254 215
266 224
279 231
295 233
310 231
322 224
331 213
338 201
342 188
345 174
347 160
347 147
249 133
257 126
269 124
280 126
291 130
305 130
315 127
326 126
336 129
342 137
298 140
299 148
299 157
300 166
284 173
291 175
298 177
304 176
310 174
261 143
267 140
275 140
281 144
274 145
267 145
312 145
319 142
326 142
331 145
326 147
319 146
271 194
281 189
290 187
297 188
303 187
311 190
319 195
311 201
303 204
296 205
289 204
280 201
274 194
290 193
296 193
303 193
315 195
303 196
296 197
290 196
255 95
266 92
283 94
301 95
326 94
336 101
347 126
244 113
252 101
237 139
348 144
341 109
320 96
