244 142
244 158
245 172
247 187
251 202
259 214
270 224
282 232
297 234
312 233
325 227
336 217
344 206
349 192
352 178
355 164
356 150
256 133
264 127
275 126
286 128
297 132
311 133
322 130
333 129
343 132
350 140
304 142
304 151
303 160
303 170
288 177
295 179
302 181
308 180
315 178
266 143
273 140
280 141
287 146
280 146
272 146
318 148
325 144
333 144
339 148
333 150
325 149
276 197
285 192
294 190
301 192
307 190
315 194
323 199
314 205
306 207
299 208
292 207
284 203
279 197
294 196
300 197
307 197
319 199
306 199
300 199
293 198
263 95
274 92
291 96
309 98
335 97
346 104
356 129
252 112
260 100
244 137
357 146
350 112
328 99
