242 141
242 157
243 171
245 186
249 201
257 213
267 224
280 232
295 235
310 234
323 227
334 217
342 205
347 191
350 177
353 163
354 149
253 132
261 126
272 124
283 127
294 131
308 132
319 129
330 128
341 131
347 139
301 141
300 150
300 159
300 169
286 175
292 177
299 180
305 178
311 177
264 142
270 139
278 139
284 144
277 145
269 144
315 146
322 142
330 142
336 146
330 148
322 147
273 195
282 191
291 189
298 191
304 189
313 192
321 197
312 204
304 208
297 208
290 207
281 203
276 195
291 194
298 195
304 195
317 197
304 199
297 199
291 198
260 93
271 91
287 94
306 96
332 95
344 102
354 127
249 111
256 99
242 136
355 144
348 110
326 97
