237 147
238 163
240 178
243 193
248 207
258 218
270 228
284 234
300 235
315 232
326 224
336 213
342 200
346 186
347 172
348 158
347 144
246 137
254 129
265 127
276 127
287 131
303 130
313 126
324 125
334 127
341 135
296 141
297 150
298 158
299 168
284 175
291 177
298 179
305 177
311 175
258 145
265 141
272 141
279 145
272 146
265 147
310 144
317 140
325 140
331 143
325 145
318 145
271 196
281 191
291 188
298 190
305 188
314 190
322 194
314 202
306 206
298 207
291 207
281 203
275 196
291 194
298 195
305 194
319 194
305 198
298 199
291 198
250 97
261 93
278 95
296 95
321 92
333 98
346 122
241 115
247 103
235 141
348 139
338 106
315 95
