246 142
246 158
247 173
249 188
253 202
261 215
272 226
285 234
300 236
315 235
328 228
339 218
347 206
352 192
355 178
357 164
358 149
257 135
265 128
276 127
287 129
298 133
312 134
323 131
334 130
344 133
351 141
305 143
305 152
305 162
304 171
290 178
296 180
303 182
310 181
316 179
268 144
275 141
282 141
288 146
281 147
274 146
320 148
327 144
334 145
340 148
334 150
327 150
278 197
287 193
296 191
302 193
309 192
317 195
325 200
317 206
308 208
301 209
294 208
286 204
281 197
295 197
302 198
309 198
321 200
308 200
302 200
295 199
264 95
275 93
291 97
310 98
336 97
348 104
358 128
253 112
260 101
246 137
359 145
352 112
329 100
