246 142
246 157
248 173
249 187
253 202
261 215
272 225
285 233
301 235
316 234
329 227
339 217
347 205
352 191
355 177
357 163
358 148
257 134
265 127
276 126
287 128
298 132
313 133
323 130
334 129
345 132
352 140
305 142
305 151
305 160
305 170
290 176
297 178
304 181
311 179
317 178
268 143
274 140
282 141
288 145
281 146
274 146
320 147
327 143
335 143
341 147
335 149
327 148
277 197
287 192
296 190
303 192
309 191
318 194
326 199
317 205
309 207
302 208
295 207
286 203
281 197
296 196
303 197
309 197
322 199
309 199
302 199
296 198
264 94
275 92
291 96
310 97
336 96
348 102
358 127
253 112
260 100
246 137
360 144
352 110
330 98
