250 141
249 156
249 172
250 187
254 202
263 215
274 225
287 233
302 236
317 235
329 228
339 218
347 207
353 193
356 180
359 166
360 152
263 132
272 126
284 125
295 128
305 133
320 135
330 132
341 132
350 135
356 143
312 143
312 152
312 162
311 171
295 176
302 179
309 182
316 180
322 179
274 142
281 140
288 141
294 146
287 146
280 145
325 149
332 146
339 146
345 150
339 151
332 151
280 194
291 191
301 189
307 191
314 190
322 194
329 199
321 206
313 209
305 209
298 208
289 203
283 195
300 195
307 196
314 196
326 199
313 201
306 201
299 200
271 93
283 92
300 96
318 99
343 99
353 106
361 131
260 110
268 99
250 134
361 148
356 114
336 101
