237 146
238 161
240 176
243 190
247 204
256 216
267 226
281 233
296 234
311 232
323 224
333 214
340 201
344 187
346 173
347 159
347 145
247 136
255 129
265 127
276 128
287 131
301 131
312 127
322 126
333 128
340 136
295 141
295 150
296 159
296 168
282 176
289 177
296 179
302 177
308 175
258 145
265 142
272 142
279 145
272 146
265 147
309 145
316 141
323 141
329 144
324 146
317 146
270 196
279 191
289 188
295 190
302 188
311 191
319 195
311 203
303 206
296 207
289 206
279 203
274 196
289 194
295 195
302 194
315 195
302 198
295 199
289 198
251 97
262 94
278 96
297 96
322 93
333 99
345 123
242 115
249 103
236 141
348 141
338 107
315 96
