238 145
239 160
242 175
245 189
250 203
259 214
271 224
284 231
300 232
315 229
326 221
336 211
342 199
346 185
348 171
349 157
349 143
248 135
256 127
267 125
279 126
290 129
305 129
316 125
326 124
337 126
343 134
298 139
299 148
300 157
300 166
286 174
293 175
300 177
306 175
312 173
261 143
267 140
275 139
282 144
274 145
267 145
312 143
319 139
326 139
333 142
327 144
320 144
274 194
283 189
293 186
300 188
306 186
314 188
323 192
315 200
307 204
300 205
293 204
284 201
278 194
293 192
300 193
306 192
319 193
306 196
300 197
293 196
252 96
263 92
280 94
299 94
325 91
336 97
348 121
242 114
249 101
237 140
350 138
341 105
318 94
