233 145
234 161
236 176
239 191
244 205
253 217
265 226
280 233
295 234
311 232
323 224
332 213
339 200
343 185
344 171
345 157
345 142
243 134
251 127
262 124
274 125
284 129
300 128
310 124
321 123
332 125
339 132
293 138
294 147
295 156
295 165
281 173
288 175
295 177
301 175
308 173
255 143
262 139
269 139
276 143
269 144
261 144
308 142
315 138
322 137
328 141
322 143
315 143
268 195
278 189
288 186
295 188
301 186
311 188
319 193
311 201
302 205
295 206
288 206
278 202
272 195
288 193
295 193
302 192
315 193
302 197
295 198
288 197
246 95
258 91
275 93
294 93
319 89
331 95
343 120
237 113
244 100
231 140
346 138
336 103
313 92
