249 141
248 157
249 172
250 187
254 202
262 214
273 225
286 232
301 235
316 234
328 227
338 218
346 206
351 193
354 180
357 166
358 152
262 133
271 126
282 126
293 128
303 133
318 135
328 132
339 132
348 134
354 143
310 143
310 152
310 161
310 171
294 176
301 179
307 181
314 180
320 178
273 142
279 140
287 141
293 145
286 145
278 145
323 148
331 145
337 146
343 150
337 151
330 150
279 194
289 191
299 189
306 191
312 190
320 193
328 198
319 205
311 207
304 207
297 206
288 202
282 195
299 195
305 196
312 196
324 198
312 199
305 199
298 198
269 94
281 92
298 97
316 99
340 99
351 105
359 131
258 110
266 99
249 134
360 147
354 114
334 101
