245 142
244 158
245 173
247 187
251 202
259 214
270 224
283 232
298 235
313 234
326 227
337 218
345 206
350 192
354 178
356 164
357 150
256 133
264 127
275 126
287 128
297 133
312 134
323 131
334 130
344 132
351 140
304 143
304 152
304 161
304 170
289 177
296 179
302 181
309 180
316 178
267 144
273 141
281 141
287 146
280 147
273 146
319 148
326 144
334 145
340 148
334 150
326 150
277 197
286 192
295 190
301 192
308 191
316 194
324 200
316 206
307 208
300 208
293 207
285 204
280 197
295 196
301 197
308 197
320 200
308 199
301 200
294 198
263 95
274 92
291 96
310 98
336 97
347 103
357 128
252 112
260 100
244 137
358 146
351 112
329 99
