229 148
231 164
234 179
237 194
243 208
252 220
265 230
279 237
295 239
310 235
322 226
331 214
338 200
341 186
342 171
342 156
341 141
239 137
246 129
257 127
269 127
280 131
295 130
305 126
316 123
327 125
334 132
289 140
290 149
291 158
292 167
278 176
285 177
292 179
299 177
305 174
251 145
257 141
265 141
272 145
265 146
257 147
304 144
311 139
318 138
324 141
319 144
311 144
265 198
275 192
285 189
292 190
299 188
309 190
317 195
310 204
301 209
294 210
286 210
276 206
269 198
285 195
293 195
300 194
314 195
300 201
293 202
286 201
241 97
252 93
269 94
288 94
313 90
325 95
339 120
233 116
238 103
228 142
342 137
330 103
307 93
