235 144
235 159
237 174
239 188
244 202
252 214
264 224
277 231
292 233
307 231
319 224
328 214
335 201
339 188
342 174
343 160
343 146
246 134
254 127
265 125
276 126
287 130
301 131
311 127
322 126
332 128
338 136
294 139
295 148
295 157
296 166
281 173
288 175
294 177
301 176
307 174
257 142
263 139
271 139
277 143
270 144
263 145
308 144
315 140
322 140
328 144
322 146
315 145
268 194
277 189
287 186
293 188
300 186
308 189
316 194
308 200
300 203
293 204
286 203
277 200
271 194
286 192
293 193
300 192
313 194
300 195
293 196
286 195
251 95
262 92
279 95
297 95
322 93
332 100
343 124
241 113
248 101
234 139
345 142
337 108
315 96
