228 152
230 167
232 182
236 197
242 211
252 223
265 232
280 239
296 240
311 236
322 227
331 214
337 200
340 185
341 170
341 156
339 141
237 139
244 130
255 127
266 128
278 131
294 130
304 125
315 123
325 124
333 132
288 140
289 149
290 158
292 167
278 177
285 178
292 179
298 177
304 175
250 146
256 142
263 141
271 146
264 147
256 148
303 143
309 138
316 137
323 141
317 143
310 144
265 199
275 193
285 190
292 191
299 188
309 190
317 195
310 205
301 210
294 211
286 211
276 208
269 199
285 196
293 196
300 194
314 196
300 201
293 203
286 203
238 99
248 94
266 95
285 93
310 89
322 94
336 119
230 118
235 105
226 145
340 137
327 102
304 92
