249 141
249 156
250 172
251 187
255 202
263 214
274 225
287 233
302 236
317 234
330 227
340 218
348 206
353 193
356 179
359 166
360 152
262 133
271 126
282 125
293 128
304 133
318 134
329 132
339 131
349 134
355 142
311 143
310 152
310 161
310 170
294 176
301 178
308 181
314 180
321 178
273 143
280 140
287 141
293 145
286 146
279 145
324 148
331 145
338 146
344 149
338 151
331 150
280 195
290 191
300 189
306 191
313 190
321 193
329 198
320 205
312 208
305 208
298 207
289 203
283 195
299 195
306 196
313 196
325 199
312 200
305 200
299 199
270 94
281 92
298 96
316 98
341 98
352 105
361 130
259 111
266 99
250 135
361 147
356 113
335 100
