238 142
238 157
240 173
241 188
246 202
254 214
266 224
280 231
295 233
310 231
322 224
331 214
338 202
343 188
345 174
347 161
348 147
251 133
259 125
270 124
282 125
292 129
307 130
317 127
327 126
337 129
343 137
300 140
300 148
300 157
301 166
285 173
292 175
299 177
305 176
311 174
262 142
269 140
276 140
282 144
275 145
268 145
313 145
320 142
327 142
333 145
327 147
320 146
272 194
282 189
291 186
297 188
304 187
312 190
319 195
312 202
304 204
297 205
290 204
281 201
275 194
291 193
297 193
304 193
316 195
304 196
297 197
290 196
256 95
268 91
285 94
303 95
327 94
338 101
348 126
246 112
253 100
237 138
349 144
342 109
321 96
