246 140
246 156
246 171
248 186
252 201
260 214
270 224
283 232
298 235
314 234
326 227
337 217
345 205
350 192
353 178
356 164
357 150
258 132
266 125
277 124
288 127
299 131
314 133
324 130
335 129
345 132
351 140
306 141
306 151
305 159
305 169
290 175
296 178
303 180
310 179
316 177
268 142
275 139
282 140
289 144
282 145
274 144
320 147
327 143
335 144
340 148
334 149
327 148
276 195
286 191
295 189
302 191
308 190
317 193
325 198
316 205
308 207
301 207
294 206
285 202
279 195
295 195
302 196
308 196
321 198
308 199
301 199
294 198
266 93
277 91
293 94
312 97
337 96
348 103
358 128
254 110
262 98
246 135
358 146
352 111
331 98
