241 140
241 155
242 170
244 184
248 198
256 210
267 220
281 228
296 230
311 229
323 222
333 212
341 200
345 187
348 174
350 160
351 146
253 130
261 124
272 122
283 124
294 128
310 129
320 126
330 125
340 128
347 136
302 139
302 148
302 157
302 166
288 173
294 175
300 177
307 176
312 174
264 141
271 138
278 138
285 143
278 143
270 143
315 144
322 141
329 141
336 144
330 146
322 145
274 192
284 188
293 186
299 188
305 186
313 189
321 194
313 201
305 203
298 204
292 203
283 199
278 192
293 192
299 193
305 192
317 194
305 195
299 196
292 195
260 92
271 89
288 93
306 94
331 93
342 99
352 124
249 109
256 98
240 135
353 141
346 108
325 95
