242 142
242 157
243 172
245 187
249 201
257 214
267 224
280 233
295 236
310 235
323 228
334 218
343 206
348 192
351 178
353 164
354 149
252 133
260 126
271 125
282 127
293 132
308 133
319 130
330 129
341 131
348 140
300 142
300 151
300 160
299 169
285 176
291 178
298 180
305 179
312 177
263 142
270 140
277 140
284 145
276 145
269 145
316 147
323 143
330 144
336 147
330 149
323 148
272 195
281 191
291 189
298 191
304 190
313 193
322 198
313 205
304 208
297 208
289 207
280 203
275 195
290 195
297 196
304 195
318 198
304 199
297 200
290 198
260 93
270 91
287 95
306 97
332 96
344 102
354 127
249 111
256 99
242 136
356 145
348 111
325 98
