242 141
242 157
243 171
245 186
249 201
256 213
267 224
280 232
295 235
310 233
323 226
334 217
342 205
347 192
351 178
353 164
355 149
252 133
261 126
272 125
283 127
294 131
310 132
320 129
331 129
342 131
348 139
301 142
301 151
301 160
300 169
286 176
292 178
299 180
306 179
312 177
264 142
270 139
278 140
285 145
277 145
270 145
316 147
323 143
331 143
337 147
330 149
323 148
273 195
282 191
292 189
298 191
305 189
313 192
321 197
312 205
304 208
297 208
290 207
281 203
277 195
291 194
298 195
304 195
317 198
304 199
298 199
291 198
260 93
271 91
288 94
307 96
334 95
345 102
355 127
249 111
257 99
242 136
356 144
349 110
327 98
