243 139
243 154
243 169
245 184
248 198
256 211
266 221
279 230
294 233
309 232
322 225
333 215
341 204
346 190
349 177
352 163
354 149
253 130
261 123
272 121
283 123
294 128
310 129
321 127
332 126
342 129
348 138
301 139
301 148
300 156
300 166
286 172
292 175
298 177
305 176
311 174
264 139
271 136
278 137
285 142
277 142
270 142
316 144
323 140
330 141
337 145
330 147
323 146
272 192
282 188
291 186
297 188
304 187
312 190
320 196
311 203
303 206
296 206
289 205
280 200
276 193
290 192
297 193
303 193
316 196
303 197
297 197
290 196
262 91
273 88
289 92
308 93
334 94
345 101
355 126
250 108
258 96
242 134
356 144
349 109
327 95
