245 141
245 156
246 171
247 186
251 200
259 213
269 223
281 231
296 234
311 232
323 226
334 217
343 205
348 192
352 179
355 165
356 151
256 133
265 126
276 125
287 127
298 132
312 133
323 130
334 130
344 132
350 141
305 142
304 151
304 160
304 170
289 176
295 178
302 180
308 179
314 177
267 142
274 139
281 140
288 144
281 145
273 145
318 147
326 143
333 143
339 147
333 149
326 148
275 194
285 191
294 189
300 191
307 190
315 193
322 197
314 204
306 206
299 206
292 205
283 202
279 195
294 195
300 196
306 195
319 197
306 198
300 199
293 198
264 94
276 92
292 96
311 98
337 97
348 104
357 129
253 111
261 99
245 136
358 145
352 112
330 99
