241 140
241 155
243 170
245 185
249 199
257 211
268 222
281 229
296 232
311 230
323 223
333 213
341 201
345 188
348 174
351 160
352 146
253 131
261 124
273 122
284 124
295 128
310 129
320 126
331 125
341 128
347 136
302 139
302 148
302 157
302 166
288 173
294 175
300 177
307 176
313 174
264 141
271 138
278 138
285 142
278 143
270 143
316 144
323 140
330 141
336 144
330 146
323 145
274 193
284 188
293 186
299 188
306 187
314 190
321 195
313 201
305 204
298 205
292 204
283 200
278 193
293 192
299 193
305 193
317 195
305 196
299 196
292 195
260 92
271 89
288 92
306 94
332 93
342 100
353 125
249 110
256 98
241 135
353 142
347 108
325 95
