242 145
243 160
245 175
248 189
252 203
261 214
273 224
286 231
302 233
317 230
328 222
338 211
345 199
349 185
351 171
352 158
351 144
252 136
259 128
270 126
281 126
292 130
307 129
317 125
328 124
339 126
345 134
300 139
301 148
302 157
302 166
288 174
295 175
302 177
308 175
314 173
264 143
270 140
277 140
284 144
277 145
270 145
315 143
321 139
328 138
335 142
329 144
322 144
276 193
285 189
295 187
302 188
308 186
317 188
325 192
317 200
309 204
302 205
295 204
285 201
279 193
295 192
302 192
308 192
322 192
308 196
302 197
295 196
255 96
266 93
283 95
302 95
327 92
338 97
350 121
246 115
252 102
240 140
353 138
343 105
321 95
