236 144
237 159
238 174
240 189
245 203
254 215
265 224
279 231
294 233
309 231
321 224
331 214
338 202
342 188
344 174
346 161
346 147
248 134
256 126
267 125
278 126
289 130
304 130
314 127
325 126
335 129
341 137
297 140
297 148
298 157
298 166
283 174
290 175
297 177
303 176
309 174
259 143
266 140
273 140
280 144
273 145
265 145
310 145
318 142
324 142
330 145
325 147
318 146
270 194
280 189
289 187
296 188
302 187
310 190
318 195
310 201
302 204
295 205
288 204
279 201
273 194
289 193
295 193
302 193
314 195
302 196
295 197
289 196
253 96
264 92
281 94
299 95
324 94
335 101
346 126
243 113
250 101
236 140
347 144
339 109
318 96
