233 147
234 162
237 177
240 192
245 206
254 218
266 227
281 234
296 235
311 232
324 224
333 213
340 201
344 186
346 172
346 157
346 143
242 136
250 129
261 126
273 127
284 131
300 130
310 126
321 124
332 126
339 134
293 140
294 149
294 158
295 167
281 175
288 177
295 178
301 177
307 175
255 145
261 141
269 141
276 145
269 146
261 146
308 144
315 140
322 139
328 143
323 145
315 145
268 196
278 191
288 188
295 190
301 188
311 190
319 194
311 202
303 206
295 207
288 206
278 203
272 196
288 194
295 195
302 194
316 195
302 198
295 199
288 198
246 97
257 93
274 95
293 94
319 91
331 97
344 122
237 115
243 103
232 142
347 139
336 105
313 94
