241 141
241 156
242 171
243 185
247 199
255 212
265 222
277 230
293 232
308 231
321 225
331 216
340 204
345 191
348 177
350 163
351 149
251 131
259 124
270 123
281 124
292 129
308 130
318 127
329 127
340 130
346 138
299 139
299 148
299 157
298 167
284 173
291 175
297 178
304 176
310 175
262 140
268 137
276 138
283 143
275 143
268 143
314 145
321 141
328 141
335 145
328 147
321 146
271 193
280 189
290 187
296 188
303 187
311 190
319 196
310 202
302 204
295 205
288 204
279 200
275 193
289 192
296 193
302 193
315 196
302 196
296 196
289 195
259 92
270 90
286 93
305 94
331 94
343 101
353 126
248 110
255 98
240 135
354 144
347 109
325 96
