242 141
242 156
243 171
244 186
248 200
255 213
265 223
278 231
293 234
308 233
322 226
332 217
341 205
346 192
349 178
352 164
353 149
252 132
260 125
271 124
282 126
293 130
308 132
319 129
330 128
341 131
347 139
300 141
300 150
299 159
299 168
285 175
291 177
298 179
304 178
311 176
263 141
269 138
277 139
284 143
276 144
269 144
315 146
322 142
329 142
335 146
329 148
322 147
272 195
281 191
290 188
297 190
303 189
311 192
319 197
311 204
302 206
296 206
289 205
280 202
276 195
290 194
296 195
303 195
315 197
303 198
296 198
289 197
260 93
271 91
287 94
306 96
333 95
344 102
354 127
249 111
256 99
241 136
355 144
349 110
326 97
