243 139
242 154
243 169
245 184
249 198
256 211
266 222
279 230
294 233
309 232
322 225
333 215
341 204
347 191
350 177
353 163
355 149
253 130
262 123
273 122
284 124
295 129
311 130
322 127
332 127
343 130
349 138
302 139
302 148
301 157
301 166
287 173
293 175
299 177
306 176
312 175
264 140
271 137
279 137
285 142
278 143
270 142
317 145
324 141
332 142
338 146
331 147
324 147
273 193
282 188
292 186
298 188
304 187
313 190
320 196
312 203
303 206
297 206
290 205
281 201
277 193
291 192
298 193
304 193
316 196
304 197
297 197
291 196
262 91
273 88
290 92
309 94
335 94
346 101
356 127
251 108
258 96
242 134
357 144
350 109
328 96
