244 141
244 156
245 171
247 186
251 200
259 212
269 222
282 230
297 232
311 231
324 225
334 215
343 204
348 191
351 178
354 164
355 150
255 133
264 126
275 125
286 127
297 131
312 133
323 130
333 129
344 132
350 140
304 142
304 151
304 160
303 169
289 176
295 178
302 180
308 179
314 177
266 142
273 139
281 140
287 145
280 145
272 145
318 147
325 143
332 143
339 147
332 149
325 148
276 194
285 190
294 188
301 190
307 189
315 192
322 197
314 203
306 206
299 206
293 205
284 201
279 195
294 194
300 195
307 195
319 197
306 198
300 198
294 197
263 94
274 92
291 95
310 97
335 96
346 103
356 128
252 111
260 99
244 135
357 144
351 111
329 99
