251 142
250 157
251 172
252 188
256 202
265 215
276 225
289 233
303 236
318 235
330 228
341 218
348 206
354 193
357 179
359 166
361 152
264 133
272 126
283 125
294 128
305 133
319 134
330 132
340 131
350 134
356 143
312 143
311 152
311 161
311 171
295 176
302 179
309 181
315 180
322 179
274 142
281 140
288 140
294 145
287 145
280 145
325 148
332 145
339 146
345 149
339 150
332 150
281 194
291 191
301 190
307 192
314 190
322 194
329 198
321 205
313 208
306 208
299 207
290 202
284 195
300 195
307 196
314 196
326 199
313 200
306 200
300 199
271 94
282 92
299 96
317 99
342 98
352 105
361 130
260 110
268 99
251 135
362 147
356 114
336 101
