236 144
237 159
238 174
240 189
244 203
253 215
264 225
277 232
292 234
307 232
319 225
329 215
337 202
341 189
343 175
345 161
345 147
247 134
255 127
265 125
277 127
287 131
301 131
312 127
322 126
333 129
339 137
295 140
295 149
295 158
296 167
281 174
288 176
294 178
301 177
307 175
257 143
264 140
271 140
278 144
271 145
264 145
309 145
316 141
323 141
329 144
323 146
316 146
268 195
278 190
287 187
293 189
300 187
309 190
316 195
308 202
300 205
293 205
286 205
277 201
272 195
287 194
293 194
300 193
313 195
300 196
293 197
287 196
252 96
263 93
279 95
298 96
323 94
334 101
345 125
242 114
249 101
235 140
346 143
338 109
317 96
