243 139
243 155
244 170
245 185
249 199
257 212
267 223
280 231
295 234
310 233
323 226
333 216
342 205
347 191
350 178
353 164
355 150
255 131
263 124
275 123
286 125
296 129
312 131
323 128
333 128
343 131
349 139
304 140
303 149
303 158
302 168
288 174
294 176
301 179
307 177
313 176
266 140
273 137
280 138
287 143
279 143
272 143
317 145
325 142
332 142
338 146
332 148
325 147
274 193
283 189
293 187
299 189
306 188
314 191
322 197
313 204
305 207
298 207
291 206
282 201
277 193
292 193
299 194
305 194
318 197
305 198
299 199
292 197
263 92
274 89
291 93
310 95
336 95
347 102
356 127
252 109
260 97
243 134
356 145
351 110
329 97
