234 143
235 158
236 173
238 187
242 201
251 213
262 223
275 230
290 232
305 230
317 223
327 213
335 201
339 188
341 173
343 160
343 145
245 133
252 126
263 124
274 125
285 129
300 130
310 126
320 125
331 128
337 135
292 139
293 148
293 156
294 166
279 173
286 175
292 177
299 175
305 173
255 142
262 139
269 139
276 143
269 144
262 144
307 144
314 140
321 140
327 143
321 145
314 145
266 193
276 188
285 185
292 187
298 185
307 188
314 193
306 200
298 203
291 204
284 203
275 200
270 193
285 191
291 192
298 191
311 194
298 195
291 195
285 195
250 95
261 92
277 94
296 95
320 93
331 100
343 124
240 113
247 101
233 138
344 141
336 108
314 95
