243 143
243 159
245 174
246 188
250 203
258 215
269 225
282 232
297 235
312 234
325 227
335 218
343 206
349 193
352 179
354 165
355 150
254 134
263 127
274 125
285 127
296 132
311 133
321 130
332 130
343 132
349 141
303 142
303 151
303 160
302 169
288 176
294 178
301 180
308 179
314 178
265 143
272 140
279 140
286 145
278 146
271 145
318 148
325 144
332 144
338 148
332 150
325 149
275 197
284 192
293 189
300 191
307 190
315 193
322 199
314 205
306 207
299 208
292 207
284 203
279 197
293 196
300 197
306 196
319 199
306 199
300 199
293 198
261 95
273 92
289 96
308 97
334 97
345 104
356 129
251 112
258 100
243 138
357 147
349 112
327 99
