233 143
234 158
235 173
238 187
242 201
250 214
261 224
274 231
290 233
305 231
317 223
327 213
334 201
339 187
341 173
343 158
343 144
243 133
251 126
261 125
272 126
283 130
298 130
308 126
319 125
329 127
336 135
291 139
291 148
291 157
292 167
277 174
284 176
291 178
298 176
304 174
254 143
260 140
268 140
274 143
267 145
260 145
305 144
312 140
320 140
326 143
320 145
313 145
266 195
275 190
284 187
290 189
297 187
305 190
313 195
305 202
297 205
290 205
283 205
275 201
269 195
284 194
290 194
297 193
310 195
297 196
290 197
284 196
248 95
259 92
275 94
293 95
319 92
330 99
342 123
239 113
245 100
232 139
344 140
335 106
312 95
