235 147
237 163
239 178
242 192
247 206
256 218
269 227
283 234
299 235
314 232
326 224
335 213
342 200
345 186
346 171
347 157
347 143
245 137
252 129
263 127
275 128
286 131
302 130
312 126
323 125
333 127
340 135
295 141
296 149
297 158
298 167
283 176
290 177
297 179
304 177
310 175
257 145
263 141
271 141
278 146
271 147
263 147
309 145
316 140
324 140
330 143
324 145
317 146
270 196
280 191
290 189
297 190
304 188
313 190
322 194
313 202
305 206
298 207
290 206
281 203
274 196
290 194
297 195
304 194
318 194
304 198
297 199
290 198
248 97
259 94
276 95
295 95
320 92
332 98
345 122
239 116
245 103
234 142
347 139
337 106
314 95
