233 142
234 157
235 172
238 187
242 201
250 213
261 223
274 230
289 232
304 230
317 223
327 213
334 201
338 187
341 173
342 159
343 145
244 133
251 126
262 124
274 126
284 129
298 130
308 126
319 125
330 127
336 135
291 139
292 148
292 156
292 165
278 173
285 175
291 177
298 175
304 173
254 142
261 139
268 139
275 143
268 144
261 144
306 144
313 140
320 140
326 143
320 145
313 145
266 194
275 189
284 186
291 188
297 186
305 189
313 194
305 201
297 204
290 204
284 204
275 200
270 194
284 192
291 193
297 192
310 194
297 195
291 196
284 195
249 95
260 92
276 94
294 95
320 93
331 99
342 124
239 113
246 100
233 139
344 141
335 107
313 95
