235 143
235 158
237 173
239 188
243 202
252 214
263 223
277 230
292 232
306 230
318 223
328 213
335 201
339 187
342 173
343 159
344 145
245 134
253 126
264 124
275 125
286 129
301 130
311 126
322 125
332 128
338 136
294 139
294 148
295 156
295 166
280 173
287 175
294 177
300 175
306 173
256 142
263 139
270 139
277 143
270 144
262 144
308 144
315 140
322 140
328 144
322 145
315 145
267 193
277 188
286 185
293 187
300 185
308 188
316 193
308 200
300 202
293 203
286 202
276 199
271 193
286 191
293 192
300 191
312 193
300 194
293 195
286 194
250 95
261 92
278 94
296 95
321 93
332 100
343 124
240 113
247 101
233 139
345 142
337 108
315 96
