244 143
244 158
245 174
247 188
251 203
259 215
270 225
283 233
299 235
314 234
326 227
337 218
345 206
350 192
353 178
356 164
356 150
256 134
264 127
275 126
287 128
297 133
312 134
323 131
333 130
344 132
350 140
305 143
304 152
304 161
304 170
289 177
296 179
303 181
310 180
316 179
267 144
274 141
281 142
288 146
280 147
273 146
319 148
326 144
333 145
340 148
333 150
326 150
277 197
286 193
295 190
302 192
308 191
317 194
324 199
316 206
308 208
301 208
294 207
285 204
280 197
295 197
302 197
308 197
321 200
308 199
301 200
295 199
263 95
274 92
291 96
309 98
335 97
346 103
356 128
252 112
260 100
244 138
358 146
350 112
329 99
