238 145
239 160
241 175
243 189
248 203
257 215
269 224
282 231
298 232
312 230
324 222
334 212
341 200
345 186
347 172
348 158
348 144
248 135
256 127
266 125
278 126
288 130
304 129
314 126
325 124
335 127
341 134
297 139
298 148
298 157
299 166
284 174
291 175
298 177
304 175
310 173
259 143
266 139
273 139
280 143
273 145
266 145
311 143
318 139
325 139
331 142
325 144
318 144
272 194
281 189
291 187
297 188
304 186
312 189
320 193
313 200
304 203
297 204
290 203
281 200
275 194
291 193
297 193
304 192
317 193
304 195
297 196
291 195
252 96
263 92
280 94
299 94
324 92
335 98
346 122
243 113
249 101
237 140
349 140
339 106
317 94
