236 143
236 159
238 174
240 189
244 203
253 215
264 224
278 231
293 233
308 231
320 224
329 214
336 202
341 188
343 174
345 161
345 147
247 133
255 126
266 124
278 125
288 129
303 129
314 126
324 125
334 128
340 136
296 140
297 148
297 157
297 166
282 174
289 175
296 177
302 176
308 174
258 143
265 140
272 140
279 144
272 145
265 145
310 145
317 141
324 141
330 145
324 146
317 146
269 194
279 189
288 186
295 188
302 186
310 189
317 195
309 202
301 205
294 205
287 205
278 201
273 194
288 193
295 193
301 193
313 195
301 196
294 197
288 196
253 95
264 91
281 94
299 95
324 94
334 100
345 125
242 113
250 101
235 139
346 143
339 108
318 96
