239 147
241 162
243 176
246 190
251 204
260 215
272 225
286 232
301 233
316 231
328 223
337 212
344 200
348 186
350 172
351 158
350 143
250 136
257 129
267 127
279 127
289 130
305 130
315 126
326 125
336 127
343 134
298 140
299 149
300 158
300 167
287 175
293 176
300 178
306 176
312 174
261 144
268 141
275 140
282 145
275 146
268 146
313 144
319 139
327 139
333 142
327 144
320 144
275 195
284 190
293 187
300 188
306 187
315 189
324 193
316 201
307 205
301 206
294 206
284 202
278 195
293 193
300 193
307 192
320 194
307 197
300 198
294 198
253 97
263 94
280 96
299 95
325 92
336 98
349 122
244 116
250 103
238 141
351 139
341 106
318 95
