242 142
241 157
242 171
244 186
248 200
255 212
265 222
278 230
293 232
308 231
321 225
332 216
340 204
345 191
349 177
351 163
353 149
251 132
259 125
270 124
282 126
292 130
308 131
319 128
330 128
340 131
347 139
300 140
299 149
299 158
299 168
285 174
291 176
297 178
304 177
310 176
262 141
269 138
277 139
283 143
276 144
268 144
314 146
321 142
329 142
335 146
329 148
321 147
272 193
281 189
290 187
296 189
303 188
311 191
319 196
310 202
302 204
295 205
288 204
280 200
275 194
290 193
296 194
302 194
315 196
302 196
296 196
289 195
259 93
270 91
287 94
306 96
332 95
343 102
354 127
248 111
256 99
241 136
355 145
348 110
325 97
