239 145
240 160
242 175
245 190
250 203
259 215
270 225
284 231
299 233
314 230
326 222
335 211
342 199
346 185
348 171
349 157
349 143
248 135
256 127
267 125
278 126
289 130
304 129
314 125
325 124
335 126
342 134
297 139
298 148
299 157
300 166
285 174
292 175
299 177
305 175
311 173
260 143
267 139
274 139
281 143
274 145
267 145
312 143
318 138
326 138
332 142
326 144
319 144
273 194
283 189
292 187
298 188
305 186
313 189
321 193
314 200
306 203
299 204
292 204
283 201
276 194
292 193
298 193
305 192
318 193
305 195
298 196
292 196
253 96
263 92
280 94
299 94
324 91
335 97
347 121
243 114
250 102
238 140
349 138
340 105
318 94
