240 141
240 156
241 171
243 186
247 200
255 212
266 223
279 230
294 233
310 231
322 224
333 215
340 203
345 190
348 176
350 162
351 147
251 132
259 125
270 123
281 125
292 130
307 131
318 128
329 127
340 130
346 138
299 140
299 149
299 158
299 168
285 174
291 176
298 178
304 177
311 175
262 141
268 138
276 138
283 143
275 144
268 144
314 145
321 141
328 141
335 145
328 147
321 146
272 193
281 190
290 187
297 189
303 188
312 191
320 196
311 202
303 205
296 205
289 204
280 201
275 194
290 193
297 194
303 194
316 196
303 197
297 197
290 196
257 93
269 90
285 93
305 95
330 94
342 100
352 125
247 110
254 98
239 136
353 142
346 109
324 96
